Pressed 'Run benchmark'
About to run 'GCD'-version of SpawnManyWaitingGroup with batch mode: true
Running BenchApp.SpawnManyWaitingGroup:runGCD with 50 task(s) and 110 iteration(s).

0.10619054175913334
0.10540170839522034
0.1054941249312833
0.10556245828047395
0.10549595835618675
0.10542375000659376
0.10548970836680382
0.10554287501145154
0.10565449995920062
0.10548608342651278
0.10549887490924448
0.10543574998155236
0.10537091665901244
0.10541895835194737
0.10555549990385771
0.10542200005147606
0.10549608326982707
0.1054608749691397
0.10545183334033936
0.10546758328564465
0.10545358341187239
0.10544824996031821
0.10551145835779607
0.10538154165260494
0.10546283342409879
0.10541725007351488
0.10540908330585808
0.10546287498436868
0.10532595834229141
0.10542258329223841
0.1054769583279267
0.1056783749954775
0.10551754164043814
0.10548079165164381
0.10543633333873004
0.10568387503735721
0.10543358337599784
0.1053844999987632
0.10548479156568646
0.10538183338940144
0.10549083340447396
0.1057917500147596
0.10554241656791419
0.10560970834922045
0.10557808331213892
0.10548441670835018
0.10553616669494659
0.10544433339964598
0.1053995416732505
0.10543608327861875
0.1054191249422729
0.10535383329261094
0.10543224995490164
0.10554541670717299
0.10535695834551007
0.10537920834030956
0.10547466669231653
0.10536470834631473
0.1054488749941811
0.10570491664111614
0.10548320831730962
0.10551033343654126
0.10546833334956318
0.10552758327685297
0.10554445837624371
0.10568841663189232
0.10574508330319077
0.10529916663654149
0.10561624995898455
0.1056212083203718
0.10608316666912287
0.1057499999878928
0.1056235833093524
0.10546591668389738
0.10541154176462442
0.10543320828583091
0.10542425001040101
0.10544249997474253
0.10554670833516866
0.10545195825397968
0.10551112506072968
0.10547933331690729
0.1056458749808371
0.10547512501943856
0.1058154166676104
0.10536354163195938
0.10559737496078014
0.1055372916162014
0.1054444583132863
0.10552724997978657
0.10572841658722609
0.10542312497273088
0.10549387498758733
0.10563341667875648
0.1053844999987632
0.10551220830529928
0.10560866666492075
0.10540437500458211
0.1054413333768025
0.10565174999646842
0.10571045835968107
0.10549454158172011
0.10542587505187839
0.10563424997963011
0.10580050002317876
0.10545358341187239
0.10548104159533978
0.1055173750501126
0.10594879172276706
0.10552958329208195

(GCD, average, 50 tasks) Done in an average of 0.10551436999579891 seconds.

Running BenchApp.SpawnManyWaitingGroup:runGCD with 100 task(s) and 110 iteration(s).

0.21040491666644812
0.21038099995348603
0.21048491657711565
0.21037691668607295
0.21005875000264496
0.21045266662258655
0.2103689583018422
0.21041733329184353
0.21036083332728595
0.20980687497649342
0.2103455417091027
0.21042279177345335
0.21037429163698107
0.21043270837981254
0.21028249990195036
0.2103116667130962
0.2103942083194852
0.21027316665276885
0.21026345831342041
0.21036504174117
0.210356583353132
0.21045162493828684
0.21037179161794484
0.21043683332391083
0.20927633333485574
0.20966433337889612
0.21040133328642696
0.21033699996769428
0.210490541649051
0.20758220832794905
0.21041829173918813
0.21037124993745238
0.21041399997193366
0.20790170831605792
0.21033879171591252
0.2104025415610522
0.21038900001440197
0.21061108342837542
0.2105124166700989
0.21042483334895223
0.21041787508875132
0.210391458356753
0.20693854172714055
0.21046333340927958
0.21031350002158433
0.21039750007912517
0.2106997916707769
0.21047633327543736
0.21044037502724677
0.21052854170557112
0.20780999993439764
0.21053083334118128
0.2074467500206083
0.21042108326219022
0.21033729170449078
0.2106366667430848
0.21046149998437613
0.2062376249814406
0.20602920837700367
0.21014224993996322
0.21037999994587153
0.20648983330465853
0.2105744166765362
0.21042016672436148
0.2095234583830461
0.21048666664864868
0.2085119583643973
0.21052624995354563
0.21059579169377685
0.21036075009033084
0.21038066665641963
0.20768741669598967
0.2059413333190605
0.20630670827813447
0.20929458329919726
0.2103760833851993
0.210480916663073
0.20722895837388933
0.2103932499885559
0.21023924998007715
0.20726712502073497
0.21044308331329376
0.20979604171589017
0.21037170838098973
0.20937029167544097
0.2104130000807345
0.21054204169195145
0.2102435416309163
0.2103983333799988
0.21090349997393787
0.21037566661834717
0.21038175001740456
0.20756170828826725
0.2103638332337141
0.20904858340509236
0.20811691659037024
0.2103744166670367
0.21039383334573358
0.21036650007590652
0.21030945831444114
0.21049045829568058
0.21041491662617773
0.21046629163902253
0.21035325003322214
0.20945316669531167
0.21035241661593318
0.21040362492203712
0.21033995843026787
0.2104253750294447
0.2095721251098439

(GCD, average, 100 tasks) Done in an average of 0.20981249708915128 seconds.

Running BenchApp.SpawnManyWaitingGroup:runGCD with 150 task(s) and 110 iteration(s).

0.31549695832654834
0.3155142500763759
0.3124911250779405
0.30925404164008796
0.3154992916388437
0.3154647499322891
0.3150346666807309
0.3142128750914708
0.3154074583435431
0.31543262500781566
0.31317183340433985
0.31097558338660747
0.3154991250485182
0.3144955416209996
0.315349500044249
0.3155030416091904
0.31541791663039476
0.31550308340229094
0.3154129165923223
0.315503541729413
0.3154140416299924
0.3155650416156277
0.3144186249701306
0.3151536249788478
0.3153767082840204
0.3154830832500011
0.31535654165782034
0.31124379171524197
0.3154415833996609
0.3154327917145565
0.3153670000610873
0.311492916662246
0.315431208233349
0.3146061666775495
0.31097245833370835
0.3155440833652392
0.3154102499829605
0.3155520416330546
0.31541516666766256
0.3154032500460744
0.31054570840206
0.31543874996714294
0.31470433331560344
0.3153991249855608
0.3154804583173245
0.31104812503326684
0.31593295838683844
0.31234745832625777
0.31066695833578706
0.31539041665382683
0.31548908329568803
0.3153923334321007
0.3154820833588019
0.31100429163780063
0.3117343750782311
0.315462208352983
0.31340854160953313
0.3154528334271163
0.3153429583180696
0.31542587489821017
0.31248954159673303
0.31180520833004266
0.3154152083443478
0.3119169999845326
0.3105797083117068
0.31174491660203785
0.3155899583362043
0.31534699990879744
0.3136015000054613
0.3151172500802204
0.3154060832457617
0.3153997916961089
0.3155259999912232
0.3125749583123252
0.3134636249160394
0.31392616662196815
0.315409958246164
0.3153979165945202
0.3153801249573007
0.31549220823217183
0.31534562492743134
0.30858562502544373
0.3116608333075419
0.3153645833954215
0.3150124582462013
0.3109647498931736
0.31540179159492254
0.31090900010894984
0.3154579165857285
0.31539524998515844
0.3153577083721757
0.3107022501062602
0.31178183329757303
0.31538495828863233
0.3154359166510403
0.3154412916628644
0.3122496666619554
0.3125346666201949
0.3115302083315328
0.31505679164547473
0.3154163749422878
0.3155074582900852
0.31548975000623614
0.3153971249703318
0.31103304168209434
0.31173395831137896
0.31543220835737884
0.3154098750092089
0.31126495834905654
0.31239737500436604

(GCD, average, 150 tasks) Done in an average of 0.3141230070742313 seconds.

Running BenchApp.SpawnManyWaitingGroup:runGCD with 200 task(s) and 110 iteration(s).

0.41440833336673677
0.4184977082768455
0.4166530000511557
0.41653329168912023
0.41656866658013314
0.41664304165169597
0.41650254174601287
0.41656383336521685
0.41657274996396154
0.41655495832674205
0.4166404583957046
0.4165262916358188
0.41661349998321384
0.4162763333879411
0.41681291663553566
0.4161371666705236
0.41695537499617785
0.4166550833033398
0.41649745835456997
0.416657124995254
0.41645904176402837
0.4165396667085588
0.4155844582710415
0.4204487915849313
0.4204599583754316
0.41740449995268136
0.4203435416566208
0.42027108324691653
0.4204558751080185
0.41974504163954407
0.4205042499816045
0.42074274993501604
0.417454875074327
0.4205337082967162
0.4161899583414197
0.41620654170401394
0.41682620835490525
0.41966683336067945
0.41867283335886896
0.42041250003967434
0.41585787490475923
0.4160869582556188
0.42013141664210707
0.4168535000644624
0.42042079160455614
0.4212077499832958
0.4161821249872446
0.4204011666588485
0.4202547500608489
0.420471208402887
0.4171270832885057
0.4208024999825284
0.41906562505755574
0.4205117915989831
0.41682137502357364
0.4174241250148043
0.4204373332904652
0.4204914167057723
0.4205056249629706
0.4204511665739119
0.4156252082902938
0.42048141662962735
0.41862141666933894
0.41353283333592117
0.41982541675679386
0.4204753333469853
0.41770962497685105
0.42048308334778994
0.42041591671295464
0.4204641249962151
0.42051904171239585
0.4203332499600947
0.42016929166857153
0.41820254165213555
0.4204989583231509
0.42051912494935095
0.41991141659673303
0.4208463333779946
0.42044775001704693
0.41994808334857225
0.4203898332780227
0.4190740833291784
0.4137120000086725
0.4175309999845922
0.4120987916830927
0.42047258326783776
0.4204920834163204
0.4202013333560899
0.4198712916113436
0.42035537504125386
0.41634879168123007
0.41605858341790736
0.41994599997997284
0.41779791668523103
0.4204030833207071
0.42046708322595805
0.4157454583328217
0.4203908334020525
0.42044716665986925
0.4204294999362901
0.4198615833884105
0.4205437917262316
0.4140211249468848
0.41887349996250123
0.41671899997163564
0.42048508336301893
0.41174504172522575
0.420366125064902
0.42043999989982694
0.41932229162193835

(GCD, average, 200 tasks) Done in an average of 0.41865840208134614 seconds.

Running BenchApp.SpawnManyWaitingGroup:runGCD with 250 task(s) and 110 iteration(s).

0.42040087503846735
0.418252749950625
0.42055124999023974
0.42065583332441747
0.416317000053823
0.41904587496537715
0.4207110416609794
0.41772854165174067
0.4207130416762084
0.4175777917262167
0.42056462506297976
0.4205658750142902
0.4207340417196974
0.4198784999316558
0.41949833335820585
0.41780691675376147
0.4205936250509694
0.41945037501864135
0.42071470827795565
0.420223958324641
0.4207878332817927
0.41651308338623494
0.41574287496041507
0.4185839582933113
0.42015875002834946
0.4169610000681132
0.4207577083725482
0.41783329169265926
0.41732320829760283
0.420823416672647
0.4168198750121519
0.42052250006236136
0.41800591663923115
0.42059383331798017
0.42072837497107685
0.4158339999848977
0.41822508338373154
0.41606550000142306
0.42000658332835883
0.4207857083529234
0.4206521665910259
0.4207418750738725
0.42069687508046627
0.41928083333186805
0.4205220417352393
0.42071633331943303
0.4200256250333041
0.4206130832899362
0.4194129583192989
0.4206638332689181
0.41625899996142834
0.4207367916824296
0.42062895838171244
0.4199087916640565
0.41948608332313597
0.4184571667574346
0.41700541670434177
0.4206059583229944
0.4205894583137706
0.4200639583868906
0.41947129159234464
0.4207110833376646
0.42006733326707035
0.41799112502485514
0.4178232499398291
0.4208115416113287
0.41619729169178754
0.41678170836530626
0.418664374970831
0.419491708278656
0.4157050000503659
0.4194426666945219
0.416324874968268
0.4168189166812226
0.4166301665827632
0.41645179165061563
0.42051941668614745
0.4167798750568181
0.4208391666179523
0.4197825416922569
0.4165417499607429
0.4165469167055562
0.416565666673705
0.41633229167200625
0.4168106249999255
0.4166305416729301
0.416521874954924
0.4164800416911021
0.4142178751062602
0.41891495836898685
0.4165807917015627
0.4166588333901018
0.4164195000194013
0.4178009582683444
0.4205387500114739
0.42000929173082113
0.41972583334427327
0.41670354164671153
0.41946716664824635
0.4185120833572
0.41564104158896953
0.4174961249809712
0.4165767499944195
0.41657104168552905
0.41651516663841903
0.42090987495612353
0.4149688750039786
0.41890091670211405
0.4166784583358094
0.4165414166636765

(GCD, average, 250 tasks) Done in an average of 0.41856254750397054 seconds.

Running BenchApp.SpawnManyWaitingGroup:runGCD with 300 task(s) and 110 iteration(s).

0.5233529999386519
0.5212460833135992
0.5180473750224337
0.5211533750407398
0.5222019166685641
0.5217027500038967
0.5215027499943972
0.5215989582939073
0.5249770833179355
0.524768374976702
0.521081666694954
0.5238459166139364
0.521061374922283
0.523628041613847
0.5209855417488143
0.5197765416232869
0.5200026666279882
0.5221262916456908
0.5246885833330452
0.5217829582979903
0.5247141666477546
0.5232265000231564
0.5223256249446422
0.5208948332583532
0.522364666685462
0.5253675415879115
0.5248737500514835
0.5257597082527354
0.5211553333792835
0.5257522499887273
0.5210567916510627
0.5257524583721533
0.5241007084259763
0.5257292500464246
0.5204313333379105
0.5255585833219811
0.521117249969393
0.5256454583723098
0.5218627916183323
0.5217349166050553
0.5224749583285302
0.5222359583713114
0.5217894583474845
0.5218441250035539
0.5250787916593254
0.5256747084204108
0.5223979166476056
0.5256329166004434
0.5250365416286513
0.5256646666675806
0.5246448749676347
0.5203130833106115
0.5249914166051894
0.5210149167105556
0.517768666613847
0.5256727084051818
0.5219733333215117
0.5248091666726395
0.5219032500172034
0.5258666250156239
0.525206166668795
0.5241573749808595
0.5219862500671297
0.5257224583765492
0.5219081667019054
0.5224550417624414
0.5251347083831206
0.522789083304815
0.513166791643016
0.525659833336249
0.5246691667707637
0.5256139166885987
0.5208682916127145
0.5257399583933875
0.5210329166147858
0.5256198750576004
0.5248735832283273
0.5256901666289195
0.5203625416615978
0.5256036249920726
0.5225673333043233
0.5217900000279769
0.521063833264634
0.5256489167222753
0.5184239583322778
0.5171743333339691
0.5250192499952391
0.5249255833914503
0.520405541639775
0.5257574582938105
0.5249500833451748
0.5257104167249054
0.5183599999872968
0.5256476249778643
0.5249672082718462
0.5256143333390355
0.5209723750595003
0.5256237500580028
0.5226776666240767
0.5253004166297615
0.5221944582881406
0.5222911249147728
0.5249141666572541
0.521927083376795
0.5211612082784995
0.5237730416702107
0.5248287082649767
0.5226357083301991
0.5244455416686833
0.5253616665722802

(GCD, average, 300 tasks) Done in an average of 0.523195842911955 seconds.

Benchmark done
