Pressed 'Run benchmark'
About to run 'GCD'-version of SpawnManyWaitingGroup with batch mode: true
Running BenchApp.SpawnManyWaitingGroup:runGCD with 50 task(s) and 110 iteration(s).

0.10604854160919785
0.10555829165969044
0.10560225008521229
0.10570445831399411
0.10596191661898047
0.10561329161282629
0.10551283333916217
0.10557141667231917
0.10529941669665277
0.10537687502801418
0.1056238750461489
0.10558604169636965
0.10543716663960367
0.10536024998873472
0.10564570827409625
0.1053858749801293
0.10552004165947437
0.1056067916797474
0.10528124996926636
0.10536891664378345
0.10535887500736862
0.10552170837763697
0.10556816670577973
0.10561099997721612
0.1056630415841937
0.10556549998000264
0.10531795828137547
0.10521750000771135
0.10539191670250148
0.10549991659354419
0.10554762498941272
0.10538220836315304
0.10561466671060771
0.1054862083401531
0.10548362496774644
0.10580662498250604
0.10554258327465504
0.10524970828555524
0.10527379170525819
0.10543329175561666
0.10566962498705834
0.10549824999179691
0.1057283750269562
0.10537479165941477
0.10556887497659773
0.10588074999395758
0.10535974998492748
0.1053681249031797
0.10558833333197981
0.10556725005153567
0.10545191669370979
0.1054777082754299
0.10559000005014241
0.10552158334758133
0.10566416662186384
0.10555145831312984
0.10521879175212234
0.10548437503166497
0.10554504173342139
0.10556179168634117
0.10566124995239079
0.10556675004772842
0.10555004177149385
0.10566749994177371
0.10530079167801887
0.10532858327496797
0.1054190417053178
0.10618458339013159
0.10556329158134758
0.10562529170420021
0.10552120837382972
0.10565450007561594
0.10563937504775822
0.10688791668508202
0.10658366675488651
0.10540924989618361
0.10558941669296473
0.10566791670862585
0.1055417499737814
0.10573945834767073
0.10555049998220056
0.10564995824825019
0.10559475002810359
0.10570937499869615
0.10528958332724869
0.10539620835334063
0.10550062509719282
0.10538266669027507
0.10559304163325578
0.10561091674026102
0.10557337501086295
0.10551854164805263
0.10540929168928415
0.10545212496072054
0.10539675003383309
0.10568087501451373
0.10576891666278243
0.10558379162102938
0.10563204169739038
0.10566308337729424
0.10581429162994027
0.10553841665387154
0.1055652917129919
0.10522016661707312
0.10536437493283302
0.10557066660840064
0.1055728750070557
0.10532199998851866
0.10540683334693313
0.10555158334318548

(GCD, average, 50 tasks) Done in an average of 0.1055500729184132 seconds.

Running BenchApp.SpawnManyWaitingGroup:runGCD with 100 task(s) and 110 iteration(s).

0.21027558331843466
0.2092337083304301
0.21040920831728727
0.20854641660116613
0.21043441665824503
0.21036058326717466
0.20730962499510497
0.21049816661980003
0.21041099994909018
0.21039533335715532
0.21055054164025933
0.20897670835256577
0.2103966666618362
0.21038758323993534
0.21022462495602667
0.20824804168660194
0.2104484166484326
0.21043145831208676
0.20691599999554455
0.21036495827138424
0.2095827499870211
0.21005754172801971
0.21006533328909427
0.21040774998255074
0.21028479165397584
0.2103637084364891
0.20811712509021163
0.21040312491822988
0.20611691661179066
0.21034245833288878
0.20929212495684624
0.21010949998162687
0.21049912506714463
0.2092012499924749
0.20738362497650087
0.2103099583182484
0.2100002916995436
0.21029620827175677
0.21056937496177852
0.21030154160689563
0.21043387497775257
0.21025704173371196
0.21038091671653092
0.20899800001643598
0.2084436248987913
0.2079844999825582
0.20807975006755441
0.21050154161639512
0.2104538750136271
0.21055974997580051
0.20714304165448993
0.21034724998753518
0.21036283334251493
0.2071579999756068
0.2091050415765494
0.21031429164577276
0.20947975001763552
0.21038962493184954
0.2104123333701864
0.21049095829948783
0.21035258332267404
0.2094402083894238
0.20941545825917274
0.21044141671154648
0.2104826249415055
0.21038145828060806
0.20943237491883337
0.2082801249343902
0.2104398749070242
0.21037975000217557
0.21041045826859772
0.20964483334682882
0.20699754171073437
0.21055025001987815
0.21037229162175208
0.2104157917201519
0.20577595836948603
0.21029637497849762
0.21046441665384918
0.2105034999549389
0.21037587500177324
0.20940749999135733
0.2104782499372959
0.2103972916956991
0.20770724990870804
0.21038400009274483
0.21027254173532128
0.2105096250306815
0.21053179167211056
0.21040470828302205
0.21035416657105088
0.20944241667166352
0.20993875002022833
0.21044983330648392
0.2104065832681954
0.20910333341453224
0.2092642498901114
0.21031020837835968
0.21045379166025668
0.2103787916712463
0.21058362489566207
0.21047450008336455
0.21036504174117
0.21037141664419323
0.210394624969922
0.21037175005767494
0.2104469999903813
0.2103744582273066
0.21035300008952618
0.2104034583317116

(GCD, average, 100 tasks) Done in an average of 0.2098113262397237 seconds.

Running BenchApp.SpawnManyWaitingGroup:runGCD with 150 task(s) and 110 iteration(s).

0.315418416634202
0.31543979165144265
0.3154217916307971
0.3142401250079274
0.31543058331590146
0.3154861250659451
0.31553408328909427
0.3118580833543092
0.31004349992144853
0.3154192917281762
0.3154102083062753
0.31537066667806357
0.3153998333727941
0.31544079165905714
0.3154872083105147
0.3113651250023395
0.3154194583185017
0.31546716659795493
0.31543254165444523
0.30844733328558505
0.31550866668112576
0.3154444167157635
0.3153342083096504
0.315460916608572
0.31378845835570246
0.31290504161734134
0.3131881250301376
0.3119907915825024
0.31537233339622617
0.31543595832772553
0.3153543749358505
0.31543537497054785
0.315562583389692
0.3154674166580662
0.3154088750015944
0.31361979176290333
0.3152316666673869
0.3117755416315049
0.3139434583717957
0.3154372916324064
0.3112154583213851
0.3136854582699016
0.31209325010422617
0.3155051249777898
0.3154815000016242
0.3126260000281036
0.3154334166320041
0.3136697083245963
0.31445091660134494
0.3069897500099614
0.3154573750216514
0.3155393332708627
0.3114988333545625
0.3118447499582544
0.31108858331572264
0.31549075001385063
0.3111274166731164
0.31068033329211175
0.3150947915855795
0.3153194166952744
0.31548533332534134
0.3114864166127518
0.3147928334074095
0.3118341666413471
0.3158534583635628
0.3154227916384116
0.31539520842488855
0.31551283330190927
0.3154330416582525
0.31542091665323824
0.3154820000054315
0.31150095839984715
0.3154845832614228
0.31552779162302613
0.31543504167348146
0.31534729176200926
0.3155030417256057
0.31555737496819347
0.3128370832419023
0.3154646250186488
0.3154430000577122
0.3133097499376163
0.31181074993219227
0.31434570834971964
0.3132350832456723
0.31534466659650207
0.31075820827391
0.3120044167153537
0.31533949996810406
0.3117300416342914
0.30913449998479337
0.3134871666552499
0.315286208409816
0.3154379583429545
0.3153657083166763
0.31544387503527105
0.3155656666494906
0.315426041604951
0.31531687499955297
0.3130753750447184
0.3141297500114888
0.3149407916935161
0.3107623333344236
0.3153854999691248
0.31538704177364707
0.3154357917374
0.31547395838424563
0.3153485415969044
0.3154433749150485
0.31549879163503647

(GCD, average, 150 tasks) Done in an average of 0.3141864095779601 seconds.

Running BenchApp.SpawnManyWaitingGroup:runGCD with 200 task(s) and 110 iteration(s).

0.42040741664823145
0.41799879167228937
0.4204754999373108
0.4204418333247304
0.4153140416601673
0.4165859583299607
0.41660054167732596
0.4156518332893029
0.4162011666921899
0.41772779170423746
0.41879300004802644
0.41651645838283
0.41650045837741345
0.416688458295539
0.41640554170589894
0.4166314998874441
0.41654150001704693
0.4165277084102854
0.4130941666662693
0.4148176667513326
0.4167151249712333
0.41648504172917455
0.4165901666274294
0.41651866666506976
0.4164869167143479
0.4166165000060573
0.4192111666779965
0.41554783331230283
0.4164414167171344
0.4185716250212863
0.4145574999274686
0.4148677083430812
0.4166433750651777
0.4164920833427459
0.4164817916462198
0.4165315416175872
0.41653162497095764
0.4166345000267029
0.4164553333539516
0.4165598333347589
0.41893304174300283
0.41645874991081655
0.41598983330186456
0.4164505833759904
0.4165709166554734
0.41652475006412715
0.4165010416181758
0.4135333333397284
0.41659504163544625
0.41954429168254137
0.41647724993526936
0.4165780416224152
0.4165188332553953
0.41645741660613567
0.4136165417730808
0.41950100008398294
0.41641270834952593
0.41657579166349024
0.41653616668190807
0.416509541682899
0.41354166658129543
0.41399762500077486
0.4190642499597743
0.41948595829308033
0.416493458324112
0.4165660000871867
0.41614087496418506
0.416887458297424
0.41361837508156896
0.4164774166420102
0.4165968750603497
0.419507791637443
0.4136195832397789
0.4165081250248477
0.4165047083515674
0.4165801666676998
0.41651825001463294
0.41661595832556486
0.41584691661410034
0.41918075003195554
0.41458129161037505
0.416501791565679
0.419687291723676
0.4185418332926929
0.4165684583131224
0.41045991668943316
0.4169188749510795
0.41657337499782443
0.4164263332495466
0.4166102916933596
0.41322233341634274
0.41651999996975064
0.41621141671203077
0.418894249945879
0.4178282084176317
0.41648604173678905
0.4165924583794549
0.4164829166838899
0.4152976666809991
0.41884741676039994
0.4172613333212212
0.41413587506394833
0.4182357082609087
0.41548412502743304
0.413780500064604
0.41597470839042217
0.4165949166053906
0.41963333333842456
0.41661004174966365
0.41734529158566147

(GCD, average, 200 tasks) Done in an average of 0.41649801291991023 seconds.

Running BenchApp.SpawnManyWaitingGroup:runGCD with 250 task(s) and 110 iteration(s).

0.4165947500150651
0.4166045000310987
0.4164657084038481
0.416666749981232
0.41642387490719557
0.4164699582615867
0.41631995839998126
0.41681974998209625
0.42044554161839187
0.41757987497840077
0.41572704166173935
0.4158692500786856
0.41788774996530265
0.4169462500140071
0.4163906666217372
0.41658170823939145
0.4174470832804218
0.41690504166763276
0.41818816668819636
0.41856387502048165
0.4160053750965744
0.41211224999278784
0.41654474998358637
0.42073795839678496
0.41754283336922526
0.41985075001139194
0.4194758750963956
0.41958283341955394
0.41863104177173227
0.41651699994690716
0.41653679171577096
0.41639641660731286
0.41670879162847996
0.4164553750306368
0.4165358750615269
0.41664404165931046
0.4165427916450426
0.4161880000028759
0.41192354168742895
0.4165047083515674
0.4189029582776129
0.4191792083438486
0.416715708328411
0.41697991674300283
0.42042687500361353
0.4184715000446886
0.4184986666077748
0.4158216667128727
0.42054616659879684
0.4166250416310504
0.4166192499687895
0.42056658340152353
0.4196381666697562
0.41948666668031365
0.41658133326563984
0.41843412490561604
0.416534791700542
0.42074312502518296
0.4168000415666029
0.4166404166026041
0.41795908322092146
0.4159296667203307
0.41609287506435066
0.42057083325926214
0.42051020835060626
0.4188753749476746
0.41993750003166497
0.4195296249818057
0.41644533339422196
0.41677966667339206
0.4165240000002086
0.42033925000578165
0.42050987493712455
0.41379374999087304
0.4162711666431278
0.42047141666989774
0.41999429161660373
0.42065270827151835
0.42005149996839464
0.4193843749817461
0.4165445416001603
0.41637570841703564
0.4166869999608025
0.416543583269231
0.41651925002224743
0.41621954168658704
0.4167020417517051
0.4166862916899845
0.41648024995811284
0.4165198750561103
0.4173110832925886
0.4164434167323634
0.4166986249620095
0.4164848333457485
0.4197334999917075
0.41977587493602186
0.4207915833685547
0.4189642915735021
0.4199875833000988
0.41648329165764153
0.41638879163656384
0.42045129172038287
0.4177940416848287
0.4164589582942426
0.4188312083715573
0.41566670837346464
0.42011554166674614
0.41482479160185903
0.418446583324112
0.41669295832980424

(GCD, average, 250 tasks) Done in an average of 0.41766401583096013 seconds.

Running BenchApp.SpawnManyWaitingGroup:runGCD with 300 task(s) and 110 iteration(s).

0.5180005833972245
0.5255736249964684
0.5200361249735579
0.5239867500495166
0.52376058336813
0.524701708345674
0.5224219165975228
0.5208205416565761
0.5243951249867678
0.5212305833119899
0.5218330833595246
0.5256593333324417
0.5232246249215677
0.5257069166982546
0.522786624962464
0.5256963333813474
0.5220312917372212
0.5256711250403896
0.5219897083006799
0.5257282500388101
0.5250756667228416
0.5257190415868536
0.5219630000647157
0.5256927500013262
0.5221733750076964
0.52570479165297
0.520966291660443
0.525712791713886
0.5223959166323766
0.5256597499828786
0.522802000050433
0.5243082083761692
0.5256096667144448
0.5248785833828151
0.5241511666681617
0.5248347916640341
0.5210054166382179
0.525650666677393
0.5218702083220705
0.5221492500277236
0.516148041584529
0.5257267082342878
0.5247799166245386
0.5257607500534505
0.5240298750577495
0.525742958416231
0.5248632916482165
0.5230937083251774
0.5248857500264421
0.525726749910973
0.5181129584088922
0.5256516665685922
0.5217482083244249
0.5257259999634698
0.521916166646406
0.5247914167121053
0.5215824167244136
0.5257236667675897
0.5246801250614226
0.5257065000478178
0.5217356666689739
0.5206892917631194
0.5217156249564141
0.5214059166610241
0.5257616250310093
0.5248094999697059
0.5258295834064484
0.5247806250117719
0.5258947082329541
0.5250504582654685
0.525619541760534
0.5249505832325667
0.5217237082542852
0.5248991249827668
0.5237496250774711
0.5225389166735113
0.5222645417088643
0.5166069166734815
0.5246221666457132
0.5203023749636486
0.5209885833319277
0.5250400833319873
0.5248255416518077
0.5244642916368321
0.5217437916435301
0.5210651666857302
0.5183420417597517
0.51831824996043
0.5248834999511018
0.5210266666254029
0.5235399584053084
0.5209249167237431
0.5222416250035167
0.5250054167117923
0.5200088332640007
0.5210262082982808
0.520862958393991
0.5249634583014995
0.5226831666659564
0.5219185416353866
0.524438250111416
0.525663125095889
0.5218442915938795
0.5248029166832566
0.5243952083401382
0.5256946666631848
0.5256790417479351
0.5225526250433177
0.5220660000341013
0.524797874968499

(GCD, average, 300 tasks) Done in an average of 0.5234580500063021 seconds.

Benchmark done
