Pressed 'Run benchmark'
About to run 'Swift concurrency'-version of SpawnManyWaitingGroup with batch mode: true
Running BenchApp.SpawnManyWaitingGroup:runAsync with 50 task(s) and 110 iteration(s).

0.11208145832642913
0.11071233334951103
0.11061358323786408
0.1105943750590086
0.11067170824389905
0.10386633325833827
0.11068699997849762
0.1106594167649746
0.10340120841283351
0.11055774998385459
0.1012124166591093
0.11070874996948987
0.11074333335272968
0.10944495839066803
0.101792374975048
0.11081166670192033
0.10446216666605324
0.1025890416931361
0.11072483332827687
0.10383433336392045
0.10096695832908154
0.10105199995450675
0.10089670831803232
0.10102483339142054
0.10101175005547702
0.10099562490358949
0.10108929174020886
0.1009384166682139
0.11068237503059208
0.10371504165232182
0.11085708334576339
0.11076333338860422
0.11065637494903058
0.11060162505600601
0.11059587507043034
0.11060795828234404
0.11068608332425356
0.11068258329760283
0.1108859166270122
0.1033560415962711
0.10107462503947318
0.10094595840200782
0.10105079156346619
0.1008952499832958
0.10118283331394196
0.10082625003997236
0.10101387510076165
0.10111962503287941
0.10860787495039403
0.1057814999949187
0.10096616670489311
0.1009095833869651
0.10122241673525423
0.11023075005505234
0.11071837495546788
0.11060995841398835
0.11066391668282449
0.10540683334693313
0.11067212501075119
0.10366137500386685
0.10093683330342174
0.10107179160695523
0.10096724994946271
0.10107949993107468
0.10094762500375509
0.10099112498573959
0.10113162500783801
0.10104612505529076
0.1072652917355299
0.1074256666470319
0.10089470830280334
0.10104945837520063
0.10106333333533257
0.1008548749377951
0.11078883334994316
0.10536100005265325
0.11048445838969201
0.11062729172408581
0.11065345827955753
0.10360420832876116
0.10096033336594701
0.10104720829986036
0.11084412503987551
0.11069162492640316
0.11063341668341309
0.10105808335356414
0.11079558334313333
0.11062462499830872
0.11067524994723499
0.10339141672011465
0.10105754167307168
0.10092266672290862
0.10105933342128992
0.1011103333439678
0.10080854163970798
0.10082049993798137
0.10113729164004326
0.10102120833471417
0.11066187499091029
0.10359583329409361
0.10111604165285826
0.10089612496085465
0.10099495842587203
0.10095095832366496
0.10107029171194881
0.10701262508518994
0.11063187499530613
0.11074179166462272
0.10199462505988777
0.11066741670947522

(async, average, 50 tasks) Done in an average of 0.10493187792366371 seconds.

Running BenchApp.SpawnManyWaitingGroup:runAsync with 100 task(s) and 110 iteration(s).

0.10263233340810984
0.11100516677834094
0.10765779169742018
0.11103712511248887
0.11104629165492952
0.1110116250347346
0.11103804176673293
0.11090841668192297
0.11086583335418254
0.10480670840479434
0.11071095836814493
0.11087729164864868
0.10964741662610322
0.1107629582984373
0.11089854163583368
0.11098783335182816
0.11105258332099766
0.11080887506250292
0.1109026666963473
0.1109774166252464
0.11095624999143183
0.10380158328916878
0.11017058335710317
0.11107829166576266
0.1109999583568424
0.10339370835572481
0.11094549996778369
0.10333108331542462
0.1107989166630432
0.11100120830815285
0.11088033334817737
0.11087916675023735
0.11100533325225115
0.1099713749717921
0.11099937499966472
0.11088854167610407
0.10810349998064339
0.11102216667495668
0.1110143749974668
0.10436562506947666
0.11080087500158697
0.11117345839738846
0.10542374989017844
0.11103845830075443
0.11103195836767554
0.11085337505210191
0.10295820841565728
0.11107975000049919
0.11096041672863066
0.10552816663403064
0.11095833324361593
0.10632820834871382
0.11110374995041639
0.11090512503869832
0.11099166667554528
0.11093791667371988
0.1030696666566655
0.11094599997159094
0.11101466661784798
0.1110623333370313
0.11099524993915111
0.11097349994815886
0.1109359166584909
0.11085249995812774
0.11087591666728258
0.11088154173921794
0.10397649998776615
0.10758454166352749
0.11074450006708503
0.11095241666771472
0.11108825006522238
0.11048716667573899
0.11089791671838611
0.10721829161047935
0.11092379165347666
0.11085475003346801
0.10358987504150718
0.11105637496802956
0.11100058339070529
0.11092637502588332
0.11098662507720292
0.11096033325884491
0.11097412498202175
0.11094012495595962
0.11103654163889587
0.1110281249275431
0.11105079168919474
0.11096495832316577
0.11094450007658452
0.11101104167755693
0.11092433333396912
0.11097137501928955
0.11095529166050255
0.11102970829233527
0.11094612500164658
0.10336850001476705
0.10472983331419528
0.10635858331806958
0.11102758336346596
0.10546150000300258
0.11095379164908081
0.10558945836964995
0.11052174994256347
0.10612241667695343
0.10695991665124893
0.10949366667773575
0.11105249996762723
0.10544783330988139
0.11097687494475394
0.10562041669618338

(async, average, 100 tasks) Done in an average of 0.10956624083220959 seconds.

Running BenchApp.SpawnManyWaitingGroup:runAsync with 150 task(s) and 110 iteration(s).

0.11125075002200902
0.10538429161533713
0.11140820838045329
0.10516920837108046
0.11139829165767878
0.10506295831874013
0.11134975007735193
0.10526795836631209
0.10532370826695114
0.11120979161933064
0.11131858336739242
0.10525129165034741
0.10593162500299513
0.11089437501505017
0.11123770836275071
0.10514074994716793
0.11130150000099093
0.10522879171185195
0.11122166668064892
0.10524841665755957
0.11130474996753037
0.1051747917663306
0.10444033332169056
0.1111609999788925
0.1114065833389759
0.10613320837728679
0.10812037496361881
0.10856208333279938
0.11129775003064424
0.10512158332858235
0.11140045837964863
0.10499133332632482
0.11119916662573814
0.11129166674800217
0.11128549999557436
0.11059758334886283
0.10475158342160285
0.11127454158850014
0.11123820836655796
0.1112589999102056
0.11204216675832868
0.1115384167060256
0.11138504173140973
0.11130624997895211
0.11121500004082918
0.10345541662536561
0.1112764582503587
0.11118791659828275
0.11131041671615094
0.10565466666594148
0.11145066667813808
0.11140304175205529
0.11131312500219792
0.11127100000157952
0.10960974998306483
0.11128437495790422
0.10406687494833022
0.111274000024423
0.11127445835154504
0.11125670827459544
0.11122341675218195
0.111209666589275
0.11135691672097892
0.11132791673298925
0.1114212500397116
0.11129337502643466
0.1038694583112374
0.11121858330443501
0.11152608331758529
0.11120425001718104
0.1113514166790992
0.11141779168974608
0.111268833396025
0.11128333339001983
0.1111565416213125
0.11126591672655195
0.1037842083023861
0.11149029165972024
0.11132133333012462
0.11127508338540792
0.11132645839825273
0.1112040834268555
0.11121058335993439
0.11114125000312924
0.10436487500555813
0.11378699995111674
0.11151099996641278
0.11126795841846615
0.1112401665886864
0.11119637498632073
0.11137516668532044
0.10650466673541814
0.11133345833513886
0.1047155000269413
0.1041825832799077
0.11154162511229515
0.11286108323838562
0.11136091663502157
0.1112000000430271
0.10965983325149864
0.11133120837621391
0.11129379167687148
0.11127229162957519
0.11123929161112756
0.11137204174883664
0.11136479175183922
0.11143029166851193
0.11138562497217208
0.10627083340659738
0.11132308340165764

(async, average, 150 tasks) Done in an average of 0.10991895459243096 seconds.

Running BenchApp.SpawnManyWaitingGroup:runAsync with 200 task(s) and 110 iteration(s).

0.11148562503512949
0.11154058331158012
0.11154399998486042
0.11180108331609517
0.11189229169394821
0.10440149996429682
0.11153241666033864
0.11156070826109499
0.11151262500789016
0.11161699995864183
0.11446558334864676
0.11156083329115063
0.11169725004583597
0.11170258326455951
0.11156841658521444
0.10465637489687651
0.1115839583799243
0.11157320823986083
0.11155741661787033
0.11159212503116578
0.11170587490778416
0.11180741665884852
0.11162962508387864
0.11158512497786433
0.11171974998433143
0.10584700002800673
0.11164441658183932
0.11146554164588451
0.11169379169587046
0.10909291659481823
0.11163870838936418
0.11166324990335852
0.11174137506168336
0.11153533332981169
0.11154995835386217
0.10582937498111278
0.11158858332782984
0.11156820831820369
0.11160166666377336
0.11432637495454401
0.11181891662999988
0.11160141660366207
0.11162875010631979
0.11151850002352148
0.11160187504719943
0.11326474999077618
0.11156091664452106
0.11170879169367254
0.11193279165308923
0.11174687510356307
0.11166354175657034
0.11148345831315964
0.11161212506704032
0.11154812492895871
0.11158741672988981
0.1057551249396056
0.11166358331684023
0.11172400007490069
0.10960141662508249
0.11171974998433143
0.1115542083280161
0.1121824582805857
0.1116182500263676
0.11157195828855038
0.11174595833290368
0.10457220836542547
0.1117529165931046
0.1115610416745767
0.11161920835729688
0.11153995827771723
0.11155891662929207
0.11152579158078879
0.11148183327168226
0.11155425000470132
0.11170187499374151
0.10460762504953891
0.11159333330579102
0.11172683339100331
0.11154366668779403
0.11069879168644547
0.1115048750070855
0.11164508340880275
0.11158108327072114
0.11166708334349096
0.11198225000407547
0.11163462500553578
0.11002654174808413
0.11147754162084311
0.11168991669546813
0.11154820839874446
0.11140116665046662
0.1115247915731743
0.1116925833048299
0.11175995832309127
0.10405791667290032
0.1116675833472982
0.11141216673422605
0.11158458329737186
0.1117315833689645
0.11160508333705366
0.11150187498424202
0.1115370832849294
0.1117973750224337
0.10967945831362158
0.11177741666324437
0.1116587083088234
0.10374133323784918
0.1076747082406655
0.11159283330198377
0.11166058329399675

(async, average, 200 tasks) Done in an average of 0.1110346124926582 seconds.

Running BenchApp.SpawnManyWaitingGroup:runAsync with 250 task(s) and 110 iteration(s).

0.10602870839647949
0.11449162499047816
0.11198495829012245
0.10549883334897459
0.11187454173341393
0.11185441666748375
0.1117535000666976
0.11202524998225272
0.11181612510699779
0.10653516661841422
0.10672595840878785
0.11197099997662008
0.11210537503939122
0.11197770829312503
0.11364670831244439
0.11194545833859593
0.11189091659616679
0.11188720830250531
0.11189520836342126
0.11246133327949792
0.11196450004354119
0.11182574997656047
0.11188662506174296
0.10476362495683134
0.11183270835317671
0.10503416659776121
0.11196666664909571
0.11188724997919053
0.10793312499299645
0.11192166665568948
0.11185954161919653
0.11199000000488013
0.11174449999816716
0.11190679168794304
0.11176595836877823
0.11404620832763612
0.11175391671713442
0.11222183331847191
0.11193387501407415
0.1120285417418927
0.11211724998429418
0.11187287501525134
0.1119607916334644
0.11181295826099813
0.11154166667256504
0.11386441660579294
0.11200375005137175
0.11191787500865757
0.11179616663139313
0.11183854169212282
0.11188945837784559
0.11194075003731996
0.11188687500543892
0.11195966671220958
0.11181549995671958
0.10732379171531647
0.11180337495170534
0.11183900001924485
0.11175666667986661
0.11303108325228095
0.11194212490227073
0.1119327082997188
0.11186429159715772
0.11181991675402969
0.11207437503617257
0.11349529167637229
0.11189104162622243
0.11179133330006152
0.11187799996696413
0.11178083333652467
0.11192804167512804
0.1118714582407847
0.1118946666829288
0.11195566668175161
0.11192116665188223
0.11190766666550189
0.11196133331395686
0.11200349999126047
0.11185208335518837
0.11193791672121733
0.1119490833953023
0.11289504170417786
0.11229637498036027
0.11197179171722382
0.10542266664560884
0.1053999166470021
0.1119672916829586
0.1118597500026226
0.11191620829049498
0.11179895827081054
0.10376104165334255
0.11217995826154947
0.11191616673022509
0.11191204166971147
0.10849041666369885
0.11205820832401514
0.11186100007034838
0.11181858333293349
0.11191116669215262
0.11199595837388188
0.11203566670883447
0.10601858340669423
0.11197574995458126
0.11196920834481716
0.1041387083241716
0.11188795836642385
0.11198345827870071
0.11184720834717155
0.11174833332188427
0.11195266665890813

(async, average, 250 tasks) Done in an average of 0.11135389166534879 seconds.

Running BenchApp.SpawnManyWaitingGroup:runAsync with 300 task(s) and 110 iteration(s).

0.1121094583068043
0.11232104164082557
0.11223383340984583
0.11233912501484156
0.11312979168724269
0.11207387491595
0.11216466664336622
0.11083108326420188
0.11245045834220946
0.11060183332301676
0.1095270833466202
0.11228208336979151
0.11219329165760428
0.11217141663655639
0.11313354165758938
0.112255375017412
0.10607066669035703
0.11221254174597561
0.11226004164200276
0.11223937501199543
0.11208954162430018
0.1121443334268406
0.1122855000430718
0.10522945830598474
0.1121526249917224
0.10985775000881404
0.11237262503709644
0.11230825004167855
0.1123999166302383
0.11205658328253776
0.11161899997387081
0.11221383337397128
0.11214608326554298
0.11227904167026281
0.10700224991887808
0.11237954162061214
0.11228683334775269
0.1122269582701847
0.1121286666020751
0.11180987500119954
0.11217920831404626
0.11218466667924076
0.11214683332946151
0.10960491665173322
0.10732274991460145
0.11225479166023433
0.11225545837078243
0.11205491668079048
0.1095493333414197
0.11229566670954227
0.11205629166215658
0.11220679164398462
0.11322141659911722
0.10535245842766017
0.11233833339065313
0.11223595833871514
0.1121577083831653
0.1076068333350122
0.11242162494454533
0.11223462503403425
0.11150999995879829
0.11314195825252682
0.1122289999620989
0.11227649997454137
0.11216966668143868
0.11231212504208088
0.1121872499352321
0.10964349994901568
0.10564691666513681
0.11215429159346968
0.11277095833793283
0.11227837495971471
0.11221883329562843
0.10801712505053729
0.11213429167401046
0.10683058330323547
0.1121772916521877
0.11219041666481644
0.11224745830986649
0.11217295832466334
0.11220820830203593
0.11227137502282858
0.10891383327543736
0.11256216664332896
0.11215758335310966
0.11208020837511867
0.11220383341424167
0.1121991666732356
0.11150662507861853
0.11221300007309765
0.11327516660094261
0.11219170829281211
0.1074537499807775
0.11224441672675312
0.10900079167913646
0.11221745831426233
0.11218204163014889
0.1086361666675657
0.11229758325498551
0.11225929169449955
0.11225545837078243
0.10800579166971147
0.10928274993784726
0.10602062509860843
0.11212041659746319
0.1120607916964218
0.11208774999249727
0.11223170824814588
0.11229083337821066
0.11229287495370954

(async, average, 300 tasks) Done in an average of 0.11132047541206702 seconds.

Benchmark done
