Pressed 'Run benchmark'
About to run 'Swift concurrency'-version of SpawnManyWaitingGroup with batch mode: true
Running BenchApp.SpawnManyWaitingGroup:runAsync with 50 task(s) and 110 iteration(s).

0.10900670837145299
0.11062629171647131
0.11055870831478387
0.11055670829955488
0.11059904168359935
0.11063216661568731
0.11065904155839235
0.11058974999468774
0.11065704165957868
0.11065629159566015
0.11048091668635607
0.10305420833174139
0.10104304167907685
0.10081450000870973
0.10109508328605443
0.10094379168003798
0.1010031666373834
0.11091237503569573
0.11071241658646613
0.11013120831921697
0.11061199998948723
0.10361312492750585
0.11073787498753518
0.11074095836374909
0.11071641673333943
0.11063970834948123
0.11067387496586889
0.10680487495847046
0.11067808337975293
0.11047816660720855
0.11063762509729713
0.11066304170526564
0.11070008343085647
0.11066945840138942
0.11062908335588872
0.11064533330500126
0.11058337497524917
0.11060887493658811
0.11063324997667223
0.11069041665177792
0.11062329169362783
0.10367887502070516
0.10088495828676969
0.1009812083793804
0.10102241660933942
0.11077724990900606
0.11066112492699176
0.1105947915930301
0.11027541663497686
0.10532216669525951
0.11062716669403017
0.1034379166085273
0.11091487505473197
0.11051575001329184
0.1106608749832958
0.11060416663531214
0.11062000005040318
0.1106190417194739
0.11056304164230824
0.11039708333555609
0.11050116666592658
0.11060737504158169
0.11063466663472354
0.11060808331239969
0.110738291637972
0.11066204169765115
0.11066024994943291
0.11063350003678352
0.10904845828190446
0.10276149993296713
0.11062954168301076
0.1010562916053459
0.10091508331242949
0.10124474996700883
0.1106467917561531
0.11062950000632554
0.1020382916321978
0.11065729160327464
0.11058370838873088
0.11060258327051997
0.11064749991055578
0.1105464167194441
0.11066204158123583
0.11060474999248981
0.1105642500333488
0.11059208330698311
0.10377404163591564
0.11083995830267668
0.11060762510169297
0.11064754170365632
0.10356012498959899
0.10094141669105738
0.10096175002399832
0.10101995838340372
0.10100700007751584
0.10104191664140671
0.11083729169331491
0.11059895833022892
0.11054725002031773
0.11062133323866874
0.11064208333846182
0.11054979171603918
0.11067162489052862
0.11056966672185808
0.11059466667938977
0.10388695844449103
0.11061683332081884
0.11067024990916252
0.11062258330639452
0.10936358326580375

(async, average, 50 tasks) Done in an average of 0.10830798166221939 seconds.

Running BenchApp.SpawnManyWaitingGroup:runAsync with 100 task(s) and 110 iteration(s).

0.10517737490590662
0.11090904159937054
0.11099441675469279
0.1077767499955371
0.11093770829029381
0.11115250003058463
0.11101566662546247
0.1099806249840185
0.11101862497162074
0.11016199993900955
0.10441808332689106
0.11100916657596827
0.11099304165691137
0.11098137497901917
0.11103408329654485
0.11094320833217353
0.11094266665168107
0.11100874992553145
0.11089604173321277
0.11088541662320495
0.10364220826886594
0.11100154172163457
0.11095099989324808
0.11105812492314726
0.11099370836745948
0.110861208406277
0.11097495828289539
0.11093824997078627
0.1110150832682848
0.10290775005705655
0.11110674997325987
0.10623212507925928
0.11113495833706111
0.11103341658599675
0.11098616663366556
0.11087933334056288
0.1110572082689032
0.11115570832043886
0.11095908330753446
0.11100816656835377
0.11094408330973238
0.10382854158524424
0.11101241665892303
0.11097220843657851
0.1109657083870843
0.11089170828927308
0.11102404166013002
0.11093008331954479
0.11100491671822965
0.11089879169594496
0.11101562494877726
0.10361912497319281
0.11099679162725806
0.11099962505977601
0.11097862501628697
0.11101679166313261
0.11094591673463583
0.11119187506847084
0.11098520830273628
0.11096145829651505
0.11098120827227831
0.11092983337584883
0.11099474993534386
0.11089979158714414
0.11101004166994244
0.1090135833946988
0.11103637504857033
0.11096408334560692
0.11099454166833311
0.11094974994193763
0.10396662505809218
0.1109753749333322
0.11088758334517479
0.11094466666691005
0.11102474993094802
0.11100625002291054
0.11085583327803761
0.11103883327450603
0.11105625005438924
0.11098574998322874
0.11105995834805071
0.11009945825207978
0.11096862505655736
0.11104991671163589
0.11100220831576735
0.10785012505948544
0.11110245832242072
0.10381399991456419
0.10244420834351331
0.11102037504315376
0.1110027083195746
0.11091058340389282
0.1109924582997337
0.1109814167721197
0.11113075003959239
0.11060662497766316
0.10452837508637458
0.11095495836343616
0.11094325000885874
0.11093012499623
0.10388891666661948
0.11090516671538353
0.11089274997357279
0.11104595835786313
0.11136404168792069
0.11094208341091871
0.11098883324302733
0.11097999999765307
0.1109794583171606
0.11094741674605757

(async, average, 100 tasks) Done in an average of 0.11015035207965411 seconds.

Running BenchApp.SpawnManyWaitingGroup:runAsync with 150 task(s) and 110 iteration(s).

0.10427691671065986
0.11117795831523836
0.1113583332626149
0.1063274999614805
0.10615124995820224
0.1112870000069961
0.10818174993619323
0.11128708336036652
0.111312749912031
0.11131404165644199
0.11271545838098973
0.11136483331210911
0.11129470833111554
0.11138666665647179
0.11144350003451109
0.10754799994174391
0.11132124997675419
0.11133920832071453
0.11124362493865192
0.11124574998393655
0.10361266671679914
0.11136437498498708
0.11135899997316301
0.11128608323633671
0.11131883331108838
0.11126929172314703
0.11119037494063377
0.11126729170791805
0.11128008330706507
0.11125254165381193
0.10309791669715196
0.1114219999872148
0.11129466665443033
0.1112411665963009
0.11128545831888914
0.10599183337762952
0.11136262491345406
0.11116391664836556
0.11127533332910389
0.11127216659951955
0.10379895835649222
0.11122412502299994
0.11135770834516734
0.11123633338138461
0.11132504162378609
0.11126800009515136
0.11125183326657861
0.11125974997412413
0.10525179165415466
0.11247641674708575
0.11131191661115736
0.11121387500315905
0.11118837492540479
0.11149370833300054
0.1114784583915025
0.1112894166726619
0.11133083328604698
0.11140150006394833
0.11000600003171712
0.1113565833074972
0.10400900000240654
0.11118858330883086
0.10464183322619647
0.111166458344087
0.11117120832204819
0.1112976250005886
0.10712008329574019
0.11141116661019623
0.11135070829186589
0.11120120831765234
0.10405449999962002
0.11132995830848813
0.11133083328604698
0.11135983339045197
0.10210745828226209
0.11130545835476369
0.11144437501206994
0.11138783337082714
0.11122433329001069
0.11140741663984954
0.111246999935247
0.1113623749697581
0.11129200004506856
0.10886670823674649
0.10560299991630018
0.11130662495270371
0.11136224993970245
0.11128616670612246
0.11133037495892495
0.10405087505932897
0.11116724996827543
0.11122112500015646
0.11122529173735529
0.111360291717574
0.11134183325339109
0.11242087499704212
0.11140449997037649
0.11120695830322802
0.11122024990618229
0.10366870823781937
0.11120562499854714
0.11131379171274602
0.11130920832511038
0.10618654161226004
0.11112558329477906
0.11135191668290645
0.11120124999433756
0.11132858332712203
0.11140575003810227
0.10411874996498227

(async, average, 150 tasks) Done in an average of 0.11024032582063228 seconds.

Running BenchApp.SpawnManyWaitingGroup:runAsync with 200 task(s) and 110 iteration(s).

0.1116007916862145
0.11163545830640942
0.11076495831366628
0.11155650008004159
0.11151554167736322
0.11153587501030415
0.11157866672147065
0.11158545839134604
0.11166345828678459
0.11239279166329652
0.11166358331684023
0.11073337495326996
0.11171912495046854
0.1116826250217855
0.11156733334064484
0.10385104164015502
0.11172937497030944
0.11167508328799158
0.1115802499698475
0.1109506250359118
0.10976762499194592
0.11158795829396695
0.11160774994641542
0.11157737497705966
0.11161374999210238
0.11156033328734338
0.11152462509926409
0.1116532082669437
0.11160825006663799
0.10550637496635318
0.11163387505803257
0.11164979171007872
0.11155795841477811
0.11152104160282761
0.10639025003183633
0.11169516667723656
0.11260462505742908
0.11174287495668977
0.10626895842142403
0.11157100007403642
0.11166620836593211
0.11336591665167361
0.11164958332665265
0.11172691662795842
0.11160641675814986
0.11147483333479613
0.11168174992781132
0.11078375007491559
0.11164075008127838
0.11257220839615911
0.11148966674227268
0.1115312083857134
0.10353745834436268
0.11162587499711663
0.11148641665931791
0.11159229162149131
0.11103062506299466
0.11163929163012654
0.11165395833086222
0.10477904172148556
0.11150695837568492
0.1117250417592004
0.11160237505100667
0.10629254160448909
0.10690291656646878
0.11265875003300607
0.11180379160214216
0.10406525002326816
0.11146924993954599
0.10958608333021402
0.11158591660205275
0.11165479174815118
0.11154170834925026
0.11171745834872127
0.10793854168150574
0.1060945417266339
0.11161462496966124
0.10795766662340611
0.11161799996625632
0.11158008337952197
0.11161558341700584
0.10828525002580136
0.111557999975048
0.1121214582817629
0.1117405416443944
0.1116120417136699
0.10925479175057262
0.10384937503840774
0.11160750000271946
0.11157145828474313
0.1115552083356306
0.11170300003141165
0.11157162499148399
0.11152166675310582
0.11155741661787033
0.1116689583286643
0.11162812495604157
0.1115881250007078
0.11165662505663931
0.10474308335687965
0.11163812503218651
0.11067662492860109
0.11181916669011116
0.11155199992936105
0.11148737499024719
0.11159558338113129
0.10600537504069507
0.11160800000652671
0.11157933331560344
0.10389620834030211

(async, average, 200 tasks) Done in an average of 0.1105551329231821 seconds.

Running BenchApp.SpawnManyWaitingGroup:runAsync with 250 task(s) and 110 iteration(s).

0.11191745835822076
0.11207058327272534
0.11186420824378729
0.11179674998857081
0.11189895833376795
0.11072070826776326
0.11188650003168732
0.11189004161860794
0.11191058333497494
0.11344270827248693
0.11194079159758985
0.11211545835249126
0.11187287501525134
0.11178658343851566
0.11184212495572865
0.11190550005994737
0.11187108338344842
0.11189191660378128
0.11189883330371231
0.11336983332876116
0.10412999999243766
0.11187570833135396
0.11186870827805251
0.11002641671802849
0.11189091671258211
0.11193658341653645
0.11217479163315147
0.11186050006654114
0.11211208323948085
0.10615799995139241
0.11185641668271273
0.11183695832733065
0.11197149998042732
0.11186391673982143
0.11192954168654978
0.11183179169893265
0.11190899997018278
0.11205766664352268
0.11199245834723115
0.1078657916514203
0.1101436666212976
0.11145812505856156
0.10519466665573418
0.11204204172827303
0.11027491663116962
0.11084166669752449
0.1119084166130051
0.10469158343039453
0.11198891676031053
0.10448095831088722
0.11183466657530516
0.11388054164126515
0.10738562501501292
0.11189904168713838
0.1047655416186899
0.11210216674953699
0.10792616661638021
0.11211633333005011
0.11200012499466538
0.10559199994895607
0.1112664167303592
0.10533058329019696
0.1120775833260268
0.1137035833671689
0.10760524997022003
0.11186995834577829
0.10582712502218783
0.11194579163566232
0.11282074998598546
0.11371470836456865
0.10984912503045052
0.11191324994433671
0.10463958326727152
0.11217091663274914
0.10441462497692555
0.11216187500394881
0.10751929169055074
0.1120272499974817
0.11182741669472307
0.10596566658932716
0.1114052499178797
0.11425012501422316
0.10778983333148062
0.11198237503413111
0.11367487499956042
0.10730508342385292
0.1092102084076032
0.10726454167161137
0.11195829173084348
0.11098212492652237
0.11019470833707601
0.11204250005539507
0.11395583336707205
0.10721416666638106
0.11174270824994892
0.10782037500757724
0.11206045839935541
0.11183599999640137
0.10601287498138845
0.11190158338285983
0.11374724993947893
0.1077989999903366
0.11186170834116638
0.10465612495318055
0.11188216670416296
0.10455091670155525
0.11187395837623626
0.10476491670124233
0.11185300000943244
0.10411754169035703

(async, average, 250 tasks) Done in an average of 0.11028532166965306 seconds.

Running BenchApp.SpawnManyWaitingGroup:runAsync with 300 task(s) and 110 iteration(s).

0.1122498749755323
0.11408325005322695
0.11649212497286499
0.10774308338295668
0.11229679174721241
0.11378495825920254
0.10704549995716661
0.11222087510395795
0.10845445841550827
0.11232854169793427
0.11251550004817545
0.11375170841347426
0.10717504168860614
0.11221375002060086
0.11345154175069183
0.10757333331275731
0.1122255832888186
0.10812208335846663
0.11214533331803977
0.11207637493498623
0.10745912499260157
0.11225558340083808
0.11624737503007054
0.11235874996054918
0.11217174993362278
0.11227737506851554
0.1061980000231415
0.11233329167589545
0.11213741661049426
0.10836116666905582
0.11223287507891655
0.11215004173573107
0.11231333331670612
0.11223379173316061
0.11217149998992682
0.11239233333617449
0.10668020835146308
0.11217004165519029
0.11218379170168191
0.10683712502941489
0.11213454161770642
0.11215633328538388
0.11232587497215718
0.11231220827903599
0.1121937083080411
0.11223358334973454
0.11221691663376987
0.11266258335672319
0.10742175008635968
0.10994445835240185
0.11564029159490019
0.1101669583003968
0.11215437494684011
0.10641666664741933
0.11192337505053729
0.11221966659650207
0.10702608327846974
0.11264741665218025
0.10799108329229057
0.10987537493929267
0.11215458333026618
0.11361858330201358
0.10691745835356414
0.11231695825699717
0.1047089584171772
0.1122276249807328
0.11336604168172926
0.11304916662629694
0.11105875007342547
0.11217629176098853
0.11357641674112529
0.1064329583896324
0.10471720830537379
0.11230966658331454
0.10715987510047853
0.11004279169719666
0.11232737498357892
0.11366812500637025
0.10727783327456564
0.1055920000653714
0.11226720828562975
0.108274458325468
0.10697979165706784
0.11226729163900018
0.11367254168726504
0.10714849992655218
0.11217795836273581
0.11327604169491678
0.10765062505379319
0.105351583333686
0.11121379164978862
0.10815004166215658
0.10829287499655038
0.11213749996386468
0.11393566674087197
0.10725433332845569
0.11216204171068966
0.11344099999405444
0.10756612499244511
0.11221404175739735
0.11047904170118272
0.11048349994234741
0.11228508327621967
0.10741908324416727
0.11261558334808797
0.10828041657805443
0.10907470830716193
0.11213991674594581
0.10779000003822148
0.11230462498497218

(async, average, 300 tasks) Done in an average of 0.11069082416826859 seconds.

Benchmark done
