Pressed 'Run benchmark'
About to run 'Swift concurrency'-version of SpawnManyWaitingGroup with batch mode: true
Running BenchApp.SpawnManyWaitingGroup:runAsync with 50 task(s) and 110 iteration(s).

0.10943195840809494
0.11090008332394063
0.10595112491864711
0.11061674996744841
0.10779358330182731
0.10621941671706736
0.10813466657418758
0.10239629168063402
0.1107276666443795
0.10318391665350646
0.10252595832571387
0.10268679168075323
0.11074899998493493
0.10752237506676465
0.10941929172258824
0.1080270417733118
0.10847145831212401
0.10802570835221559
0.10850616672541946
0.10794637503568083
0.10858479177113622
0.10797224997077137
0.10876987490337342
0.10774100001435727
0.10819137492217124
0.1082617916399613
0.10851512500084937
0.10798758338205516
0.10855537501629442
0.10796733340248466
0.10853049997240305
0.10815400001592934
0.10846287501044571
0.10480166669003665
0.1059688749955967
0.10716100002173334
0.11066737503279
0.10435849998611957
0.10140829160809517
0.11063741659745574
0.10440874996129423
0.10152641672175378
0.11061604169663042
0.10444775002542883
0.10131658334285021
0.11062058340758085
0.10445287497714162
0.10141737502999604
0.11064183339476585
0.10434791666921228
0.10148387495428324
0.11057429166976362
0.10615458327811211
0.11057991662528366
0.10412166663445532
0.11014008335769176
0.10640074999537319
0.10138987493701279
0.11072583333589137
0.10453879169654101
0.10148687509354204
0.11066758329980075
0.10416629165410995
0.10135641670785844
0.11058558337390423
0.10360062494874
0.10186966659966856
0.11069712496828288
0.10484283335972577
0.10132529167458415
0.11063520843163133
0.10412154160439968
0.10175666667055339
0.1107095000334084
0.10432879161089659
0.10142095841001719
0.1105495416559279
0.10440824995748699
0.10144645825494081
0.11078437499236315
0.10418166662566364
0.10151408333331347
0.11062845843844116
0.10426974995061755
0.10146270832046866
0.11057254171464592
0.10439929168205708
0.1019690417451784
0.11063366662710905
0.10396558337379247
0.10116066667251289
0.11059537495020777
0.10468583332840353
0.10136824997607619
0.11061141674872488
0.10376133327372372
0.10216358338948339
0.11063133331481367
0.10681654163636267
0.10525312495883554
0.11073329159989953
0.1058352499967441
0.11059608333744109
0.10626112506724894
0.10319950000848621
0.1106485000345856
0.10257462505251169
0.10343504161573946
0.11063537502195686
0.10248174995649606

(async, average, 50 tasks) Done in an average of 0.10634287333698011 seconds.

Running BenchApp.SpawnManyWaitingGroup:runAsync with 100 task(s) and 110 iteration(s).

0.10320845828391612
0.10399387497454882
0.10925241676159203
0.1031970833428204
0.11093450000043958
0.10560412495397031
0.11096904159057885
0.10224708332680166
0.10385054163634777
0.10548645840026438
0.10723533330019563
0.10311329166870564
0.11097783327568322
0.10215804167091846
0.10332670831121504
0.11097408330533653
0.10563333344180137
0.10816258331760764
0.10504616668913513
0.10307883331552148
0.11101833335123956
0.10223504155874252
0.1031090416945517
0.1110458750044927
0.10504045838024467
0.1099354166071862
0.10378987493459135
0.1026795415673405
0.11096937500406057
0.10616091662086546
0.1109749999595806
0.10227000003214926
0.10322462499607354
0.11084000009577721
0.10235775006003678
0.10326766676735133
0.11032920831348747
0.1029610832920298
0.10324016667436808
0.11099195841234177
0.1020700833760202
0.10334941674955189
0.11091958323959261
0.10216154158115387
0.10328858334105462
0.11102079169359058
0.10489520826376975
0.11098258337005973
0.10295099997892976
0.10316883330233395
0.11098875000607222
0.10219429165590554
0.10310466669034213
0.10669375001452863
0.1064781250897795
0.10842112498357892
0.11110183328855783
0.11040529166348279
0.10690445837099105
0.11097949999384582
0.10558233328629285
0.11097954167053103
0.1056126250186935
0.11091537494212389
0.10562487493734807
0.11098558339290321
0.10548370832111686
0.11101391667034477
0.10546733334194869
0.11093841667752713
0.10567424993496388
0.11077741661574692
0.10560549993533641
0.11091220832895488
0.10568299994338304
0.1093054583761841
0.10721349995583296
0.11090529162902385
0.10549487499520183
0.11096862505655736
0.10551408329047263
0.1109499583253637
0.10566241666674614
0.11105658335145563
0.10515175003092736
0.11103845830075443
0.1060438749846071
0.11095600004773587
0.1063847083132714
0.1110801249742508
0.10610620828811079
0.11088737496174872
0.10669804166536778
0.11117220832966268
0.10243820829782635
0.10341329162474722
0.11014112504199147
0.10683887510094792
0.1111551666399464
0.10587016667705029
0.11102454166393727
0.10662912495899945
0.11102558334823698
0.10612341668456793
0.11010141659062356
0.10669741674792022
0.10974337498191744
0.10766458336729556
0.10884162492584437
0.10821445833425969

(async, average, 100 tasks) Done in an average of 0.10727994957822375 seconds.

Running BenchApp.SpawnManyWaitingGroup:runAsync with 150 task(s) and 110 iteration(s).

0.10863362497184426
0.10888158343732357
0.10753050004132092
0.11035029171034694
0.10612145822960883
0.10998779174406081
0.1064912083093077
0.11086287500802428
0.10569574998226017
0.11123729171231389
0.10555108333937824
0.11136633332353085
0.10471449990291148
0.10525849997065961
0.10789525008294731
0.10754533333238214
0.10938412498217076
0.10304487508255988
0.11136566672939807
0.10562441672664136
0.1113277500262484
0.10488087497651577
0.1035032500512898
0.11132066673599184
0.11125520837958902
0.10678575001657009
0.10317212494555861
0.11133008333854377
0.10522162495180964
0.11140737496316433
0.10462658340111375
0.11202216660603881
0.10498829162679613
0.11129537492524832
0.10460920841433108
0.1113569166045636
0.10574237501714379
0.1113932499429211
0.10616487497463822
0.11129529168829322
0.10406641673762351
0.11161112505942583
0.10700079170055687
0.11105591675732285
0.10630520840641111
0.10956433333922178
0.10737208323553205
0.11006737500429153
0.10717437497805804
0.10917245841119438
0.10314799996558577
0.1052279167342931
0.10788891674019396
0.10910533333662897
0.10749704157933593
0.11002020828891546
0.10698045836761594
0.11225550004746765
0.1061343332985416
0.1089101250981912
0.10514270840212703
0.10335337498690933
0.1087666250532493
0.10433679167181253
0.1035094999242574
0.10981670836918056
0.10335645824670792
0.10622554155997932
0.11020270828157663
0.10304887499660254
0.11124100000597537
0.1043342084158212
0.11130545835476369
0.10269816673826426
0.10325570835266262
0.11140358343254775
0.1047922499710694
0.11129362497013062
0.10564629163127393
0.11133400001563132
0.1050004999851808
0.11129262507893145
0.10501579160336405
0.11131062498316169
0.10846725001465529
0.11039699998218566
0.11252379172947258
0.10708829166833311
0.11127033329103142
0.10611641663126647
0.11136016668751836
0.10426658322103322
0.1112894166726619
0.11123983340803534
0.10751229163724929
0.10600133333355188
0.1101721249287948
0.1070845415815711
0.10942870832514018
0.10733754164539278
0.10933741671033204
0.10784499999135733
0.10852687491569668
0.10353704169392586
0.1113143750699237
0.10490612499415874
0.11145650001708418
0.11157549999188632
0.10669720836449414
0.11082166666164994

(async, average, 150 tasks) Done in an average of 0.1079126350034494 seconds.

Running BenchApp.SpawnManyWaitingGroup:runAsync with 200 task(s) and 110 iteration(s).

0.10585041658487171
0.11110729165375233
0.1054667083080858
0.11156125005800277
0.10475429170764983
0.11147512495517731
0.10511366662103683
0.11169541673734784
0.11431633331812918
0.10706991667393595
0.10745008324738592
0.10925633332226425
0.11167291668243706
0.10456512507516891
0.11171054164879024
0.10489804157987237
0.11164487502537668
0.104632250033319
0.1116374583216384
0.1053968749474734
0.10990804177708924
0.10670166660565883
0.10784266667906195
0.10831708332989365
0.107470833347179
0.1090331666637212
0.11158925003837794
0.11405766662210226
0.10730274999514222
0.11315937503241003
0.10739958332851529
0.11171325005125254
0.1051769166951999
0.111597333336249
0.10599195840768516
0.11101366672664881
0.10609887505415827
0.11051820835564286
0.11160533339716494
0.10511641670018435
0.11173037497792393
0.10540479165501893
0.10666012507863343
0.1061535415938124
0.10991258337162435
0.10658945830073208
0.11223912506829947
0.10533920838497579
0.1117107083555311
0.10360937507357448
0.11180845834314823
0.10472775006201118
0.1118816250236705
0.10540008335374296
0.11091354163363576
0.1044716666219756
0.11198454175610095
0.10493041656445712
0.11167908331844956
0.10465345834381878
0.11178579169791192
0.1047563332831487
0.11181337502785027
0.10660674993414432
0.11016800010111183
0.10450866667088121
0.11012362490873784
0.10640816658269614
0.11179100000299513
0.10451454168651253
0.11188858340028673
0.10816162498667836
0.1115589584223926
0.10531112493481487
0.11133474996313453
0.11230687494389713
0.10638462495990098
0.11158029176294804
0.10412387503311038
0.11195062508340925
0.1108807916752994
0.11039012507535517
0.10678762500174344
0.1096792082535103
0.10740483331028372
0.10946137504652143
0.10339016665238887
0.10459412506315857
0.10805941664148122
0.10890033328905702
0.10768658330198377
0.11171008332166821
0.10464012494776398
0.11198566667735577
0.1060972916893661
0.11158233333844692
0.10353487508837134
0.11184350005351007
0.10445758339483291
0.11201808333862573
0.10449983330909163
0.10505250003188848
0.11147224996238947
0.1130754166515544
0.10327045829035342
0.11181166663300246
0.10475245828274637
0.11202125006821007
0.10564666672144085
0.11156195832882077

(async, average, 200 tasks) Done in an average of 0.10851624625734985 seconds.

Running BenchApp.SpawnManyWaitingGroup:runAsync with 250 task(s) and 110 iteration(s).

0.10512229171581566
0.11185200000181794
0.10687979159411043
0.11242733336985111
0.11237687501125038
0.10586825001519173
0.11202362505719066
0.10594874992966652
0.11198891676031053
0.10459758341312408
0.11187895841430873
0.10397474991623312
0.11220800003502518
0.11336991668213159
0.10980295832268894
0.11205675010569394
0.1123163333395496
0.10533029166981578
0.11190987494774163
0.1040691250236705
0.11186575004830956
0.10521979164332151
0.10560433333739638
0.11032383341807872
0.10480683331843466
0.11192470835521817
0.11229137505870312
0.10699258325621486
0.108960916637443
0.1076770416693762
0.10628970828838646
0.11011995829176158
0.11184679169673473
0.11184266663622111
0.10956712497863919
0.10840458329766989
0.10775399999693036
0.10853874997701496
0.10797324997838587
0.11235354165546596
0.10823229164816439
0.1109944999916479
0.11185991670936346
0.10636129160411656
0.10558599990326911
0.11103174998424947
0.11201908334624022
0.10661229165270925
0.10714729176834226
0.10719641670584679
0.11188575008418411
0.10443954169750214
0.11187224998138845
0.10484604164958
0.1118738332297653
0.104609708301723
0.11193604161962867
0.10535191663075238
0.11221895832568407
0.11292445834260434
0.10704866668675095
0.11207454174291342
0.10460429172962904
0.11182891670614481
0.10746508336160332
0.11189354164525867
0.10809508338570595
0.11048350005876273
0.1120231666136533
0.11357825004961342
0.1072046667104587
0.11143754166550934
0.10736887494567782
0.11161404172889888
0.10567141673527658
0.1119867917150259
0.10547133337240666
0.1119590416783467
0.11238575004972517
0.10495641664601862
0.11199512507300824
0.11079187493305653
0.11029862496070564
0.11181983328424394
0.11192349996417761
0.10950441670138389
0.1069237916963175
0.1095428749686107
0.11203158332500607
0.11179604171775281
0.10934045840986073
0.10918920836411417
0.10721699998248369
0.11186366667971015
0.11394141672644764
0.10740150010678917
0.11191033339127898
0.10441229166463017
0.11196425009984523
0.105694750091061
0.11202674999367446
0.10491374996490777
0.11156150000169873
0.11279958335217088
0.10833445843309164
0.11169512500055134
0.10531695827376097
0.11212595831602812
0.11260529176797718
0.10689533327240497

(async, average, 250 tasks) Done in an average of 0.10943262000917457 seconds.

Running BenchApp.SpawnManyWaitingGroup:runAsync with 300 task(s) and 110 iteration(s).

0.11226616660133004
0.113495625089854
0.10784633329603821
0.10980900004506111
0.10614583338610828
0.11124016670510173
0.10534145834390074
0.11059900000691414
0.11439620843157172
0.1079021249897778
0.11062749999109656
0.10614858334884048
0.11036316666286439
0.11512395832687616
0.1163749999832362
0.10766045842319727
0.11047787498682737
0.11520104168448597
0.11172770836856216
0.10631883342284709
0.11510570836253464
0.107615708373487
0.110277249943465
0.10599566670134664
0.11146620835643262
0.11394025001209229
0.10776074999012053
0.11041945836041123
0.10638829157687724
0.11031400004867464
0.1148411666508764
0.10760870832018554
0.11052395834121853
0.10599891666788608
0.11046954162884504
0.1061055000172928
0.11042137502226979
0.11486158333718777
0.10667504172306508
0.1115052499808371
0.10620995832141489
0.11027204163838178
0.10616512503474951
0.11039762501604855
0.10621812497265637
0.11032483330927789
0.10625833331141621
0.11052458337508142
0.10607708327006549
0.1102532499935478
0.10608883330132812
0.11045795830432326
0.11485487502068281
0.10773141670506448
0.11039120831992477
0.11530033336021006
0.11525512498337775
0.10801091673783958
0.11121054156683385
0.11509433330502361
0.10772654169704765
0.11042837495915592
0.10607083339709789
0.11048300005495548
0.10827804158907384
0.10815104166977108
0.10624054167419672
0.11028887494467199
0.10611841676291078
0.11023558326996863
0.10617520834784955
0.11058241664431989
0.11217483330983669
0.10939295834396034
0.11166345840319991
0.10611058329232037
0.1103231250308454
0.11460525006987154
0.10791970835998654
0.11025749996770173
0.1063274584012106
0.11034720833413303
0.10618858330417424
0.1139132083626464
0.11278054164722562
0.10679474996868521
0.11209029168821871
0.10439624998252839
0.11224441672675312
0.11399837501812726
0.10586058325134218
0.11223358334973454
0.1145003333222121
0.1104248333722353
0.11229895835276693
0.11215624993201345
0.10560779157094657
0.11213454161770642
0.1074092083144933
0.1086364999646321
0.1142464583972469
0.10740829166024923
0.11238374991808087
0.10566620831377804
0.11217941658105701
0.10861074994318187
0.11214370827656239
0.11218454164918512
0.11209850001614541
0.11209799989592284

(async, average, 300 tasks) Done in an average of 0.10998004541383125 seconds.

Benchmark done
