Pressed 'Run benchmark'
About to run 'GCD'-version of SpawnManyWaitingGroup with batch mode: true
Running BenchApp.SpawnManyWaitingGroup:runGCD with 50 task(s) and 110 iteration(s).

0.10564433329273015
0.10555462492629886
0.10540766664780676
0.10548412497155368
0.10574162495322526
0.10545983340125531
0.10548366664443165
0.10562074999324977
0.10551187500823289
0.10543454170692712
0.10549637500662357
0.10542133334092796
0.10547445830889046
0.10543479165062308
0.10528258327394724
0.10534324997570366
0.1054365000454709
0.10550249996595085
0.1059435416245833
0.10540866665542126
0.10532237496227026
0.10535808326676488
0.1059147083433345
0.10542812501080334
0.10537679167464375
0.10554295836482197
0.10546516661997885
0.10540820832829922
0.105614333297126
0.10545691673178226
0.10537991672754288
0.1054413333768025
0.10595570830628276
0.1055293750250712
0.10533350007608533
0.105533791705966
0.10542429168708622
0.10535249998793006
0.1054893332766369
0.10561579163186252
0.10563241667114198
0.10548200004268438
0.10538737499155104
0.10590929165482521
0.10607904172502458
0.10534879169426858
0.10578770830761641
0.10550170834176242
0.10586629167664796
0.10544774995651096
0.10541962494608015
0.1053481666604057
0.10562200006097555
0.10554124996997416
0.1053690833505243
0.1055413750000298
0.10555429162923247
0.10538812505546957
0.10543304169550538
0.10558233340270817
0.10552041663322598
0.10560029174666852
0.1053461249684915
0.10542758333031088
0.10549674998037517
0.10557945829350501
0.1055800833273679
0.10542429168708622
0.10560024995356798
0.1054477917496115
0.10551412496715784
0.10542050004005432
0.10530933330301195
0.10555216670036316
0.10543029173277318
0.10566908330656588
0.10549758328124881
0.10547820827923715
0.10586383333429694
0.10539279168006033
0.10542300005909055
0.10557062504813075
0.10559474991168827
0.10550870827864856
0.10542870836798102
0.1056108750635758
0.10547804168891162
0.10548558330629021
0.1053252499550581
0.105270458268933
0.10532162501476705
0.1057732499903068
0.10560412507038563
0.10540820832829922
0.10550700000021607
0.10563308338169008
0.10539354162756354
0.1057287500007078
0.10547858336940408
0.1054995832964778
0.10535866662394255
0.10544916661456227
0.10583966667763889
0.10574091668240726
0.10553579160477966
0.10536974994465709
0.10544391674920917
0.10574291669763625
0.10563641670159996
0.10541283339262009

(GCD, average, 50 tasks) Done in an average of 0.10551653625094332 seconds.

Running BenchApp.SpawnManyWaitingGroup:runGCD with 100 task(s) and 110 iteration(s).

0.2088757916353643
0.2104922916041687
0.20904491667170078
0.21038449998013675
0.20773158338852227
0.210518250009045
0.21074554172810167
0.2099712915951386
0.2102400833973661
0.21044741664081812
0.21075258334167302
0.21037495834752917
0.21037220826838166
0.2086540834279731
0.2103500417433679
0.2070161666488275
0.21037558326497674
0.20620629156474024
0.20918291667476296
0.21046383341308683
0.21040237497072667
0.21037841669749469
0.20914750010706484
0.2104955833638087
0.20604829164221883
0.21052291675005108
0.20587774994783103
0.2106257500126958
0.21048133331350982
0.2103219999698922
0.20707012491766363
0.2069123750552535
0.20965766662266105
0.2102654166519642
0.20622445840854198
0.21036441659089178
0.2103614582447335
0.21045133331790566
0.21029020834248513
0.21048237511422485
0.20602783339563757
0.21026833343785256
0.20630970841739327
0.20916379161644727
0.2103250833461061
0.21037516673095524
0.21038066665641963
0.21056612499523908
0.20937095826957375
0.20598095830064267
0.21044912503566593
0.20775558333843946
0.21040491666644812
0.2103531250031665
0.20832937490195036
0.21039241668768227
0.21038158342707902
0.2066543750697747
0.21035366656724364
0.2103678749408573
0.21035670826677233
0.21032691665459424
0.20824054162949324
0.21037149999756366
0.20606166671495885
0.21037654171232134
0.21047449996694922
0.21028416662011296
0.20975037501193583
0.21036391670349985
0.2099619166692719
0.2103846250101924
0.20607466669753194
0.21002858330029994
0.20653520827181637
0.2104247499955818
0.21027670823968947
0.20692770835012197
0.21032137493602931
0.21038591663818806
0.21042274998035282
0.2074242082890123
0.21037045842967927
0.20924254169221967
0.21037274994887412
0.21050645841751248
0.2091319999890402
0.2103849584236741
0.2103507083375007
0.2069750416558236
0.21043520839884877
0.20729074999690056
0.21038608334492892
0.21035366668365896
0.2103936249623075
0.20606662495993078
0.2104179166490212
0.20824429159983993
0.21045987494289875
0.2092601666226983
0.21039758331608027
0.21031045832205564
0.21032045839820057
0.2093063750071451
0.20695166662335396
0.20978870836552233
0.21036041667684913
0.20732654177118093
0.21049587498418987
0.21040174993686378

(GCD, average, 100 tasks) Done in an average of 0.209364192916546 seconds.

Running BenchApp.SpawnManyWaitingGroup:runGCD with 150 task(s) and 110 iteration(s).

0.31238449993543327
0.3153851249953732
0.31087479169946164
0.31058758322615176
0.3122800833079964
0.3130202499451116
0.3154779582982883
0.3113907916704193
0.30961941671557724
0.31308558338787407
0.3154882499948144
0.3130357082700357
0.3128178333863616
0.31173191661946476
0.3131710416637361
0.3123663333244622
0.3123701666481793
0.31170750001911074
0.3144510416314006
0.3132617500377819
0.3108037916244939
0.31193191662896425
0.30934579169843346
0.3128466249909252
0.3153755000093952
0.3113412916427478
0.3104770000791177
0.3137937083374709
0.313786166603677
0.3153729166369885
0.31545979157090187
0.3122972915880382
0.3113867916399613
0.3153234582860023
0.31218679156154394
0.3115176666760817
0.31537912494968623
0.3153269166359678
0.3154081666143611
0.31534516671672463
0.3153214165940881
0.31117766664829105
0.31152016669511795
0.31488529162015766
0.31541204173117876
0.31533633335493505
0.3154290416277945
0.31544454162940383
0.3106150416424498
0.3122489582747221
0.3097641250351444
0.31543366669211537
0.31301770836580545
0.3113482916960493
0.31546895834617317
0.31415604159701616
0.3146768750157207
0.3154280832968652
0.31167874997481704
0.31162666669115424
0.31467420840635896
0.31476183340419084
0.31541129166726023
0.31159312499221414
0.312728458433412
0.31316741660702974
0.3118672500131652
0.31545624998398125
0.3109377499204129
0.3115987500641495
0.3107737499522045
0.31534995837137103
0.31202020833734423
0.3107256250223145
0.31263962492812425
0.315411499934271
0.3129202083218843
0.3146401665871963
0.3112942083971575
0.3117608750471845
0.3129671666538343
0.3145863749086857
0.3132028332911432
0.313672500080429
0.3153767082840204
0.3126715833786875
0.31549874995835125
0.3130597083363682
0.31547104159835726
0.31523262499831617
0.31446804164443165
0.31539283331949264
0.3154751666588709
0.3141921666683629
0.3110635000048205
0.31549283338245004
0.31541141658090055
0.31539899995550513
0.3108507499564439
0.31461566674988717
0.31145816668868065
0.31542979169171304
0.3154386666137725
0.3094435000093654
0.31203529168851674
0.3137746249558404
0.3155317916534841
0.31539362494368106
0.31546141661237925
0.315404083346948

(GCD, average, 150 tasks) Done in an average of 0.31348301165620795 seconds.

Running BenchApp.SpawnManyWaitingGroup:runGCD with 200 task(s) and 110 iteration(s).

0.4204271249473095
0.41921370837371796
0.4195282500004396
0.41658345831092447
0.41655295831151307
0.41314874996896833
0.42002508335281163
0.4165512917097658
0.4165637500118464
0.4166199166793376
0.4122429166454822
0.415732791647315
0.41662495827768
0.41646762494929135
0.4166153750848025
0.4165343332570046
0.41656458331272006
0.41661458334419876
0.41647095838561654
0.4165759583702311
0.41662383335642517
0.4154144583735615
0.4176707083825022
0.4133654583711177
0.41330454160925
0.4164784583263099
0.41633945831563324
0.41773674997966737
0.4172131250379607
0.4205230416264385
0.4175360833760351
0.4114055000245571
0.42063554166816175
0.4147073334315792
0.4159237500280142
0.41981208336073905
0.4130565415835008
0.4191572084091604
0.41985141672194004
0.41448433324694633
0.41651658329647034
0.41941341664642096
0.418777541606687
0.41663687501568347
0.4164592083543539
0.416577750002034
0.41662316664587706
0.41828362504020333
0.42006491671781987
0.41639429167844355
0.4131622083950788
0.4201023750938475
0.41455633332952857
0.4138377499766648
0.4176166250836104
0.4199725833022967
0.4203414582880214
0.41762495832517743
0.41953641665168107
0.42057525005657226
0.41660504159517586
0.4165794999571517
0.41658245830331
0.415937208221294
0.4164109999546781
0.41668108326848596
0.4137789999367669
0.41414220829028636
0.41662754165008664
0.41659566666930914
0.41660570830572397
0.41656729171518236
0.41678137506823987
0.416355499997735
0.4187116667162627
0.4145020000869408
0.41645254159811884
0.41390312497969717
0.4139985416550189
0.41295695828739554
0.4165101667167619
0.4165352083509788
0.4167058749590069
0.4176893333205953
0.4153559999540448
0.4165688334032893
0.4165875833714381
0.4130143333459273
0.41504608327522874
0.41480154171586037
0.4164548333501443
0.41632958326954395
0.416900375043042
0.4165683750761673
0.41949216672219336
0.41547524998895824
0.4164640000090003
0.41873245837632567
0.4149718750268221
0.419386166613549
0.4160711666336283
0.41654116671998054
0.41657579166349024
0.41675058333203197
0.41639254172332585
0.41361754166428
0.4149612917099148
0.4195094166789204
0.41824329167138785
0.4165382916107774

(GCD, average, 200 tasks) Done in an average of 0.4165632358356379 seconds.

Running BenchApp.SpawnManyWaitingGroup:runGCD with 250 task(s) and 110 iteration(s).

0.41540575004182756
0.4181615833658725
0.41639812500216067
0.41884787497110665
0.419174125068821
0.4165304583730176
0.41661249997559935
0.4165266250493005
0.41630279168020934
0.41467891668435186
0.4186778749572113
0.4196768749970943
0.41851762495934963
0.41671258327551186
0.4176350833149627
0.4176656251074746
0.4162087916629389
0.4204849166562781
0.41744824999477714
0.4165732082910836
0.41677658329717815
0.4166688749101013
0.416651958366856
0.4165592500939965
0.41649337497074157
0.4166277915937826
0.41650499997194856
0.4166674583684653
0.420343125006184
0.42067275010049343
0.42066325002815574
0.4168417500331998
0.42068275006022304
0.42061150004155934
0.42036433331668377
0.42062654171604663
0.4206932917004451
0.4200040416326374
0.4201941667124629
0.4168465416878462
0.4208014582982287
0.420680541661568
0.42004329164046794
0.4183226249879226
0.41702670825179666
0.4207703749416396
0.4207700000843033
0.41861329157836735
0.4208011250011623
0.42075483326334506
0.42001075006555766
0.4167425417108461
0.4189094166504219
0.4185329166939482
0.41745512501802295
0.416680125053972
0.420568291679956
0.41743795841466635
0.4165105832507834
0.4165404583327472
0.41742366668768227
0.42049891664646566
0.41688858333509415
0.4205087083391845
0.4193183749448508
0.4169500832213089
0.4189980416558683
0.41865058336406946
0.41725983330979943
0.41579829168040305
0.4217568750027567
0.41648854163940996
0.41927233326714486
0.42048862494993955
0.4185172083089128
0.41584274999331683
0.42078966670669615
0.41946437500882894
0.42068387498147786
0.41777091671247035
0.4165846249088645
0.41652712505310774
0.41641362500377
0.41644366655964404
0.4202192083466798
0.4181349582504481
0.41659987496677786
0.4188490832457319
0.4191550000105053
0.418008083361201
0.41669708339031786
0.41993512492626905
0.4184048334136605
0.41650012496393174
0.42055545828770846
0.41765241662506014
0.4166879582917318
0.4164910833351314
0.41633962490595877
0.4148814167128876
0.4184742500074208
0.4166664166841656
0.41645358328241855
0.4167349999770522
0.4164890416432172
0.41637558338698
0.4204754167003557
0.4179155833553523
0.4165167916798964
0.42059408337809145

(GCD, average, 250 tasks) Done in an average of 0.4183021395781543 seconds.

Running BenchApp.SpawnManyWaitingGroup:runGCD with 300 task(s) and 110 iteration(s).

0.5238252916606143
0.5217649582773447
0.5185069583822042
0.5224975416203961
0.5243454165756702
0.520993166603148
0.5246980416122824
0.5209447500528768
0.5223797917133197
0.5225750416284427
0.5221463750349358
0.5241871665930375
0.5255773332901299
0.5193166250828654
0.5254064999753609
0.5211273749591783
0.5221840416779742
0.5225112499902025
0.5203708333428949
0.5210659583099186
0.5221702083945274
0.5230286667356268
0.5217431250493973
0.5208611249690875
0.5237961249658838
0.5209127916023135
0.5223603332415223
0.5230876667192206
0.5188992916373536
0.5205167083768174
0.5220628749812022
0.5254345416324213
0.5226191666442901
0.521506916731596
0.5182585833827034
0.5209155833581463
0.52178845833987
0.5218937916215509
0.5233027499634773
0.5209638749947771
0.5217413333011791
0.5218955416930839
0.5256643749307841
0.5218834165716544
0.5255969583522528
0.5256207500351593
0.5256091665942222
0.5211588749662042
0.5235044583678246
0.5222142917336896
0.5257193333236501
0.5204477499937639
0.5256848750868812
0.5213302084011957
0.525716416654177
0.5239000832661986
0.5258636666694656
0.5242060417076573
0.5252556665800512
0.5230314583750442
0.5257399999536574
0.5250698333838955
0.5257750416640192
0.5248879583086818
0.5232642082264647
0.5250099583063275
0.5256637500133365
0.5226011250633746
0.5251942916074768
0.5226363750407472
0.525661583407782
0.5251672916347161
0.5257480416912585
0.5200192499905825
0.5256567083997652
0.5208831250201911
0.5185243750456721
0.5219149166950956
0.5256575000239536
0.5248983333585784
0.5257121250033379
0.5217491666553542
0.5257045833859593
0.5218781667063013
0.5256356250029057
0.5249636250082403
0.5212762916926295
0.5255658749956638
0.5255327916238457
0.5228777083102614
0.5218664583517238
0.5225526249269024
0.5178941667545587
0.5211134166456759
0.5234844166552648
0.5232606249628589
0.5216825000243261
0.5224552500294521
0.5257436250103638
0.5248970416141674
0.5218900833278894
0.521781750023365
0.5251243333332241
0.5249076666077599
0.5199685000116006
0.5248223332455382
0.5257636667229235
0.5211964582558721
0.5256776249734685
0.5257652499713004

(GCD, average, 300 tasks) Done in an average of 0.5231877812487074 seconds.

Benchmark done
