Pressed 'Run benchmark'
About to run 'GCD'-version of NQueens with batch mode: true
Running BenchApp.NQueens:runGCD with 1 queen(s) and 110 iteration(s).

0.0004247500328347087
0.00013462500646710396
7.279170677065849e-05
8.320831693708897e-05
0.00013016664888709784
0.00010583328548818827
0.00012416660320013762
8.666666690260172e-05
9.250000584870577e-05
9.204167872667313e-05
0.0001039999770000577
9.737501386553049e-05
6.950006354600191e-05
9.60417091846466e-05
6.241665687412024e-05
6.7333341576159e-05
6.97083305567503e-05
7.033324800431728e-05
5.9999991208314896e-05
6.999995093792677e-05
7.99582339823246e-05
7.891666609793901e-05
0.00010654167272150517
7.08333682268858e-05
8.337502367794514e-05
6.562506314367056e-05
6.245833355933428e-05
6.575009319931269e-05
0.00010325002949684858
8.949998300522566e-05
0.00023704161867499352
0.00011416664347052574
7.170834578573704e-05
0.00011570833157747984
8.52083321660757e-05
7.512490265071392e-05
7.05416314303875e-05
8.412497118115425e-05
8.5500068962574e-05
8.124997839331627e-05
7.59166432544589e-05
9.016669355332851e-05
0.00012195832096040249
9.216670878231525e-05
9.079172741621733e-05
6.287498399615288e-05
0.00011150003410875797
7.866660598665476e-05
6.937491707503796e-05
6.766663864254951e-05
8.704164065420628e-05
8.350005373358727e-05
5.224999040365219e-05
7.537496276199818e-05
7.383327465504408e-05
6.583344656974077e-05
6.208335980772972e-05
9.612494613975286e-05
5.5041746236383915e-05
5.583337042480707e-05
4.4625019654631615e-05
7.299997378140688e-05
5.037500523030758e-05
6.0999998822808266e-05
6.033328827470541e-05
4.900002386420965e-05
4.966673441231251e-05
6.0583348385989666e-05
5.76250022277236e-05
5.854165647178888e-05
5.445827264338732e-05
7.395830471068621e-05
4.966673441231251e-05
8.537492249161005e-05
5.079165566712618e-05
9.483343455940485e-05
6.437499541789293e-05
8.400005754083395e-05
4.6874978579580784e-05
4.900002386420965e-05
5.462497938424349e-05
6.883335299789906e-05
5.3166644647717476e-05
7.387495134025812e-05
5.012494511902332e-05
5.0749978981912136e-05
6.279163062572479e-05
7.47916055843234e-05
6.145832594484091e-05
6.49583525955677e-05
5.6124990805983543e-05
7.170834578573704e-05
5.8999983593821526e-05
5.041668191552162e-05
0.00011066661681979895
0.00012841669376939535
5.250005051493645e-05
0.00013149995356798172
7.791665848344564e-05
5.837506614625454e-05
4.683341830968857e-05
6.629165727645159e-05
7.1666669100523e-05
5.991663783788681e-05
6.629177369177341e-05
5.291670095175505e-05
4.6749948523938656e-05
5.870824679732323e-05
4.9333320930600166e-05
5.9999991208314896e-05

(GCD, average, 1 queens) Done in an average of 7.370083243586123e-05 seconds.

Running BenchApp.NQueens:runGCD with 2 queen(s) and 110 iteration(s).

0.00016325002070516348
5.9833284467458725e-05
0.00010816659778356552
7.645832374691963e-05
7.812492549419403e-05
6.679166108369827e-05
8.695828728377819e-05
0.00010666670277714729
9.708327706903219e-05
7.01249809935689e-05
6.787502206861973e-05
6.529164966195822e-05
6.34166644886136e-05
0.00011116673704236746
6.925000343471766e-05
0.00010158342774957418
6.745837163180113e-05
7.929163984954357e-05
7.149996235966682e-05
7.070833817124367e-05
8.712499402463436e-05
6.216659676283598e-05
4.9583264626562595e-05
7.30000901967287e-05
7.412501145154238e-05
5.512498319149017e-05
7.454166188836098e-05
5.058338865637779e-05
0.0001125832786783576
5.1999930292367935e-05
4.6583241783082485e-05
7.216667290776968e-05
8.049991447478533e-05
5.595828406512737e-05
4.495831672102213e-05
4.950002767145634e-05
6.925000343471766e-05
7.574993651360273e-05
8.216663263738155e-05
6.266671698540449e-05
7.045827805995941e-05
6.270827725529671e-05
7.258332334458828e-05
5.212496034801006e-05
8.34582606330514e-05
6.908341310918331e-05
6.795837543904781e-05
8.120830170810223e-05
7.791665848344564e-05
6.145832594484091e-05
0.0001085416879504919
7.220834959298372e-05
7.38333910703659e-05
7.312500383704901e-05
7.345830090343952e-05
7.783330511301756e-05
5.591660737991333e-05
5.825003609061241e-05
5.091668572276831e-05
6.145832594484091e-05
8.070829790085554e-05
6.791669875383377e-05
4.7333305701613426e-05
6.270839367061853e-05
0.00010733341332525015
5.6750024668872356e-05
4.3874955736100674e-05
5.641672760248184e-05
4.8458343371748924e-05
4.612503107637167e-05
5.7875062339007854e-05
4.0624989196658134e-05
6.062502507120371e-05
6.375007797032595e-05
8.283334318548441e-05
6.883335299789906e-05
5.620834417641163e-05
4.570826422423124e-05
7.049995474517345e-05
4.079157952219248e-05
4.2458297684788704e-05
8.33333469927311e-05
5.8166682720184326e-05
6.320839747786522e-05
4.199997056275606e-05
4.816672299057245e-05
4.6458328142762184e-05
7.304165046662092e-05
5.4291682317852974e-05
5.5833254009485245e-05
5.362497176975012e-05
7.04167177900672e-05
5.7124998420476913e-05
5.7416618801653385e-05
0.00015983334742486477
8.004170376807451e-05
7.445830851793289e-05
6.69166911393404e-05
8.004170376807451e-05
6.833334919065237e-05
6.541667971760035e-05
5.995843093842268e-05
5.904166027903557e-05
6.487499922513962e-05
6.520829629153013e-05
5.679158493876457e-05
9.045831393450499e-05
6.362504791468382e-05
6.533332634717226e-05
6.979168392717838e-05

(GCD, average, 2 queens) Done in an average of 6.703416584059596e-05 seconds.

Running BenchApp.NQueens:runGCD with 3 queen(s) and 110 iteration(s).

0.000224500079639256
0.00021558336447924376
0.0001357083674520254
0.00016341672744601965
0.00013887498062103987
0.00015433330554515123
0.00012262491509318352
0.00015604158397763968
0.00011745840311050415
0.00012291665188968182
0.0001503749517723918
0.00015416659880429506
0.00014966668095439672
0.00015787500888109207
0.00017087499145418406
0.00014183332677930593
0.00017383333761245012
0.00014025007840245962
0.00015504169277846813
0.00017083331476897
0.0001167916925624013
0.00011737504974007607
0.00017341668717563152
0.0001285832840949297
0.0001522083766758442
0.00017691671382635832
0.00012391665950417519
0.00015291664749383926
0.00017741660121828318
0.00016000005416572094
0.00013566669076681137
0.00017729168757796288
0.00015720841474831104
0.00014775001909583807
0.00013225001748651266
0.00014883338008075953
0.00016341672744601965
0.00013137503992766142
0.00015874998643994331
0.00015499989967793226
0.00016724993474781513
0.00013970828149467707
0.00015462504234164953
0.00018191675189882517
0.00010175001807510853
0.0001287916675209999
0.00011799996718764305
9.691668674349785e-05
0.00013429170940071344
0.00014037499204277992
0.00011404161341488361
0.00012554170098155737
0.00015133328270167112
0.00015245832037180662
0.00016912503633648157
0.00014637503772974014
0.00011395826004445553
0.00016533327288925648
0.00012758339289575815
0.0001790833193808794
0.0001609165919944644
0.0001479999627918005
0.00012637500185519457
0.00011187500786036253
0.00017354160081595182
0.00010520836804062128
0.00011999998241662979
0.00011283333878964186
0.00013245828449726105
7.154163904488087e-05
0.00010324991308152676
7.850001566112041e-05
0.00013666658196598291
0.00012554158456623554
0.00015804171562194824
0.00010999990627169609
8.037500083446503e-05
0.00011541659478098154
0.00012616673484444618
9.587500244379044e-05
0.00013783329632133245
0.00011554162483662367
0.000167916645295918
0.0001319999573752284
0.0001275417162105441
0.00012374995276331902
0.00011704163625836372
0.00011920835822820663
9.72916604951024e-05
9.029160719364882e-05
0.00010924995876848698
0.0001227082684636116
0.0001012083375826478
0.00010483339428901672
7.358333095908165e-05
8.962501306086779e-05
9.779166430234909e-05
9.133340790867805e-05
7.520837243646383e-05
9.166670497506857e-05
8.212495595216751e-05
7.045839447528124e-05
0.0001156666548922658
0.00012583332136273384
8.004170376807451e-05
7.970829028636217e-05
0.00017345824744552374
8.695828728377819e-05
8.170842193067074e-05
8.929171599447727e-05

(GCD, average, 3 queens) Done in an average of 0.0001292374962940812 seconds.

Running BenchApp.NQueens:runGCD with 4 queen(s) and 110 iteration(s).

0.000440166681073606
0.00030979164876043797
0.00031183334067463875
0.00035800004843622446
0.0003252082969993353
0.0003917083377018571
0.0003808749606832862
0.00042874994687736034
0.0002956667449325323
0.00033166666980832815
0.00034054159186780453
0.0004545834381133318
0.0004179583629593253
0.0004795416025444865
0.0002937917597591877
0.00031608331482857466
0.00030408333986997604
0.0003695000195875764
0.00034595828037709
0.00032329163514077663
0.00033549999352544546
0.00031929160468280315
0.00026062491815537214
0.0004160000244155526
0.0003258333308622241
0.00025133334565907717
0.00030087505001574755
0.0003154999576508999
0.00027245841920375824
0.00025200005620718
0.000322833308018744
0.00033008330501616
0.0003016665577888489
0.00027000007685273886
0.0003150833072140813
0.00028487504459917545
0.0003557082964107394
0.00032849994022399187
0.0003334999782964587
0.0003060000017285347
0.00036762491799890995
0.00032483332324773073
0.0003160416381433606
0.0003171666758134961
0.0003538333112373948
0.0003735417267307639
0.00038545834831893444
0.00032037508208304644
0.00035087496507912874
0.0003359583206474781
0.00034562498331069946
0.0003845000173896551
0.0003625833196565509
0.0004037083126604557
0.00033862493000924587
0.0003698333166539669
0.0003693333128467202
0.000396791729144752
0.0003136666491627693
0.0004320833832025528
0.00028404174372553825
0.0002523750299587846
0.0002905833534896374
0.0003638749476522207
0.0003697082865983248
0.0003201666986569762
0.0002652916591614485
0.00039950001519173384
0.0002798750065267086
0.00022525002714246511
0.000280875014141202
0.0002950417110696435
0.00034745829179883003
0.00033320835791528225
0.00032595836091786623
0.0002425833372399211
0.00034570833668112755
0.00029429164715111256
0.0002459166571497917
0.00021358334925025702
0.00029683334287256
0.000248291646130383
0.0002761250361800194
0.00019387505017220974
0.00041170825716108084
0.00020787492394447327
0.0003506250213831663
0.0003171666758134961
0.0002907499438151717
0.00026650005020201206
0.0002362916711717844
0.00029150000773370266
0.0002629583468660712
0.00029770832043141127
0.00026616675313562155
0.00021695834584534168
0.00023450003936886787
0.00030883331783115864
0.00021012499928474426
0.00023491668980568647
0.0003150833072140813
0.000314166652970016
0.00033004162833094597
0.0002523750299587846
0.00032970833126455545
0.00028074998408555984
0.0002970834029838443
0.00027395831421017647
0.00032466661650687456
0.00021424994338303804

(GCD, average, 4 queens) Done in an average of 0.00031332541606388987 seconds.

Running BenchApp.NQueens:runGCD with 5 queen(s) and 110 iteration(s).

0.0012128333328291774
0.000880291685461998
0.0008455417118966579
0.0007975000189617276
0.0009926665807142854
0.0007372916443273425
0.0008539167465642095
0.0008409583242610097
0.0008669999660924077
0.0008935832884162664
0.0008663749322295189
0.0008652916876599193
0.0009263333631679416
0.0007830417016521096
0.0008901666151359677
0.0006918333237990737
0.000744166667573154
0.000737624941393733
0.000727499951608479
0.0005845417035743594
0.00063699996098876
0.000549374963156879
0.0005983333103358746
0.0005720000481233001
0.000675458344630897
0.0006183333462104201
0.00075720832683146
0.0007050000131130219
0.0005757500184699893
0.0008205833146348596
0.0006679999642074108
0.0006495416164398193
0.0006530416430905461
0.0007008750690147281
0.0007495000027120113
0.000655208365060389
0.0006629166891798377
0.00064858328551054
0.0006374582881107926
0.0007276249816641212
0.0005704166833311319
0.0006525416392832994
0.0007295000832527876
0.0005759582854807377
0.0006540833273902535
0.0007178334053605795
0.0006056666607037187
0.0005695417057722807
0.00055312504991889
0.0007746666669845581
0.0006365416338667274
0.0007335416739806533
0.000787624972872436
0.0006284583359956741
0.0005395417101681232
0.0006243749521672726
0.0006315417122095823
0.0006802083225920796
0.0007257499964907765
0.0007624167483299971
0.0005640833405777812
0.0006842083530500531
0.0006582499481737614
0.020596708403900266
0.0006152500864118338
0.0006106249056756496
0.0006382500287145376
0.0006527916993945837
0.04871012503281236
0.0008506666636094451
0.000840499997138977
0.0007694583619013429
0.0008222500327974558
0.0006855417741462588
0.0006357916863635182
0.0007402916671708226
0.00068762490991503
0.0007351665990427136
0.0007479583146050572
0.0007706249598413706
0.0430217917310074
0.0009998333407565951
0.0009676250629127026
0.0009988750098273158
0.001050374936312437
0.00107291666790843
0.0008327083196491003
0.0008422916289418936
0.001035124994814396
0.0008594166720286012
0.0009573750430718064
0.0009400416165590286
0.0007909999694675207
0.0007790416711941361
0.0009915833361446857
0.0009128749370574951
0.0008206666680052876
0.000810083351098001
0.0008203332545235753
0.0007688333280384541
0.0007272083312273026
0.0008406250271946192
0.0013093333691358566
0.030992541695013642
0.05162470834329724
0.001363166724331677
0.0011577083496376872
0.0013133332831785083
0.001243583275936544
0.0013338749995455146

(GCD, average, 5 queens) Done in an average of 0.0026842704170849173 seconds.

Running BenchApp.NQueens:runGCD with 6 queen(s) and 110 iteration(s).

