Pressed 'Run benchmark'
About to run 'GCD'-version of NQueens with batch mode: true
Running BenchApp.NQueens:runGCD with 1 queen(s) and 110 iteration(s).

0.00034300005063414574
0.00010333338286727667
8.775002788752317e-05
0.00011833326425403357
0.00010850001126527786
8.558342233300209e-05
0.00010941666550934315
7.491663563996553e-05
8.170830551534891e-05
0.00012025004252791405
0.00014483334962278605
8.749996777623892e-05
8.050003089010715e-05
7.770839147269726e-05
0.00011195836123079062
7.887498941272497e-05
9.395834058523178e-05
8.683337364345789e-05
8.449994493275881e-05
7.479172199964523e-05
8.937495294958353e-05
0.00011633336544036865
9.633332956582308e-05
9.14999982342124e-05
0.00010891666170209646
7.354165427386761e-05
9.383331052958965e-05
0.00011083343997597694
8.56249826028943e-05
7.57917296141386e-05
0.00011408329010009766
8.845829870551825e-05
0.00010708335321396589
9.683333337306976e-05
8.63333698362112e-05
7.420836482197046e-05
0.00010158331133425236
9.237497579306364e-05
8.104171138256788e-05
8.166662883013487e-05
0.00012154167052358389
0.0001176249934360385
0.00011645827908068895
0.00011937494855374098
7.670838385820389e-05
8.774991147220135e-05
7.895834278315306e-05
7.304165046662092e-05
8.837494533509016e-05
7.358333095908165e-05
6.791669875383377e-05
8.554174564778805e-05
6.966665387153625e-05
6.766663864254951e-05
6.912497337907553e-05
7.195828948169947e-05
7.737497799098492e-05
6.791669875383377e-05
9.187497198581696e-05
5.97082544118166e-05
0.00010308332275599241
7.120834197849035e-05
9.887490887194872e-05
0.00010254164226353168
7.120834197849035e-05
6.375007797032595e-05
6.266671698540449e-05
7.395830471068621e-05
0.00019279168918728828
6.21667131781578e-05
7.079169154167175e-05
6.883335299789906e-05
7.54999928176403e-05
6.345834117382765e-05
6.820831913501024e-05
8.479168172925711e-05
6.354169454425573e-05
6.37084012851119e-05
7.470836862921715e-05
7.237493991851807e-05
6.879167631268501e-05
6.683333776891232e-05
6.404169835150242e-05
6.758328527212143e-05
8.062494453042746e-05
8.324999362230301e-05
5.8999983593821526e-05
7.424992509186268e-05
8.245836943387985e-05
7.708335760980844e-05
6.799993570894003e-05
7.187505252659321e-05
5.708332173526287e-05
5.4333359003067017e-05
7.162499241530895e-05
7.23750563338399e-05
5.308329127728939e-05
7.42500415071845e-05
7.283326704055071e-05
5.520833656191826e-05
5.8583333157002926e-05
6.254168692976236e-05
9.30416863411665e-05
6.133329588919878e-05
6.787502206861973e-05
8.600007276982069e-05
6.98332441970706e-05
6.624998059123755e-05
8.166662883013487e-05
5.6999968364834785e-05

(GCD, average, 1 queens) Done in an average of 8.156249881722033e-05 seconds.

Running BenchApp.NQueens:runGCD with 2 queen(s) and 110 iteration(s).

9.979167953133583e-05
0.00011279166210442781
0.00011245824862271547
7.666659075766802e-05
8.774991147220135e-05
7.01249809935689e-05
7.850001566112041e-05
7.904157973825932e-05
7.12500186637044e-05
9.89582622423768e-05
7.9541583545506e-05
6.374996155500412e-05
7.737509440630674e-05
6.824999582022429e-05
8.533336222171783e-05
8.695828728377819e-05
7.283338345587254e-05
0.00010062498040497303
6.7333341576159e-05
9.533332195132971e-05
7.20833195373416e-05
8.579168934375048e-05
6.362493149936199e-05
8.770835120230913e-05
8.395838085561991e-05
8.295837324112654e-05
8.84166220203042e-05
9.308336302638054e-05
7.350009400397539e-05
8.716655429452658e-05
7.08333682268858e-05
8.979171980172396e-05
8.725002408027649e-05
8.599995635449886e-05
8.233333937823772e-05
0.00014712498523294926
0.00015808339230716228
0.00011433335021138191
0.00010804168414324522
8.949998300522566e-05
7.866660598665476e-05
0.00012325006537139416
9.579176548868418e-05
9.587500244379044e-05
0.00012766674626618624
9.408325422555208e-05
9.666674304753542e-05
0.00010545842815190554
7.758336141705513e-05
0.00010045839007943869
8.487503509968519e-05
8.091668132692575e-05
8.908333256840706e-05
6.841670256108046e-05
7.29166204109788e-05
7.108331192284822e-05
6.520829629153013e-05
9.654171299189329e-05
8.670834358781576e-05
8.029164746403694e-05
9.183329530060291e-05
6.979168392717838e-05
0.00011016661301255226
5.995831452310085e-05
5.56666636839509e-05
7.354165427386761e-05
5.7750032283365726e-05
0.00010133336763828993
5.537504330277443e-05
8.725002408027649e-05
6.345834117382765e-05
8.316664025187492e-05
7.349997758865356e-05
6.16665929555893e-05
5.991675425320864e-05
8.72915843501687e-05
5.154160317033529e-05
6.633333396166563e-05
5.9708370827138424e-05
5.9166690334677696e-05
8.049991447478533e-05
8.370843715965748e-05
7.887498941272497e-05
6.904173642396927e-05
8.64582834765315e-05
5.53749268874526e-05
0.00017479166854172945
0.00012212502770125866
0.00010087504051625729
9.212503209710121e-05
0.00010383338667452335
0.00010029168333858252
0.00010795833077281713
8.52083321660757e-05
8.595827966928482e-05
8.154159877449274e-05
9.958329610526562e-05
8.466665167361498e-05
8.579157292842865e-05
7.704156450927258e-05
7.370836101472378e-05
7.341662421822548e-05
9.945826604962349e-05
7.845833897590637e-05
7.724994793534279e-05
7.462501525878906e-05
8.316675666719675e-05
8.266675285995007e-05
7.666670717298985e-05
8.037500083446503e-05

(GCD, average, 2 queens) Done in an average of 8.52441694587469e-05 seconds.

Running BenchApp.NQueens:runGCD with 3 queen(s) and 110 iteration(s).

0.00022004160564392805
0.00020704162307083607
0.00021162501070648432
0.000154916662722826
0.0001888750120997429
0.0001962499227374792
0.00019454164430499077
0.00019599997904151678
0.00020104169379919767
0.0002218333538621664
0.00020104157738387585
0.00020670832600444555
0.0002083332510665059
0.00016170833259820938
0.00023262505419552326
0.00023466662969440222
0.00019066664390265942
0.00016516668256372213
0.00018966663628816605
0.00019795831758528948
0.0001665833406150341
0.0002211249666288495
0.00019770837388932705
0.00019370834343135357
0.0001574999187141657
0.00016333337407559156
0.0001685416791588068
0.00016220833640545607
0.00016204174607992172
0.00017100002150982618
0.00015145831275731325
0.00018087495118379593
0.00014575000386685133
0.00020700006280094385
0.00016529159620404243
0.00017858331557363272
0.00012354168575257063
0.0001484166132286191
0.00010691664647310972
0.00016125000547617674
0.00013475003652274609
0.000136125017888844
0.00017983338329941034
0.00015895836986601353
0.00017020839732140303
0.0001634584041312337
0.0001439583720639348
0.0001400416949763894
0.0001320833107456565
0.00011820835061371326
0.00012345833238214254
0.00013791676610708237
0.00010712502989917994
0.00015174993313848972
0.00013812503311783075
0.00019629159942269325
0.00013645843137055635
0.00018516660202294588
0.000139000010676682
0.00014491670299321413
0.0001554166665300727
0.00016608333680778742
0.00016508332919329405
0.00010591663885861635
0.00012920843437314034
0.00011504173744469881
0.00010479171760380268
0.00012162502389401197
0.00010066665709018707
0.00011191668454557657
0.00016941665671765804
0.00017933326307684183
0.0005934166256338358
0.00012058333959430456
0.00011470832396298647
0.0001532500609755516
0.0001409583492204547
0.0001437499886378646
0.00014254171401262283
0.00019029167015105486
0.000123083358630538
0.00011383334640413523
0.00013749999925494194
0.00017745827790349722
0.00015987490769475698
0.00012470828369259834
0.00015487498603761196
0.00015991670079529285
0.00010025000665336847
0.00012845825403928757
0.0001579165691509843
0.00013029167894273996
0.0001623749267309904
0.0001268333289772272
0.00017045834101736546
0.00014875002671033144
0.00012870831415057182
0.00013066665269434452
0.00016704166773706675
0.00012508337385952473
0.00019366666674613953
0.00012283341493457556
0.00010499998461455107
0.00014258339069783688
0.0001514166360720992
0.0001892916625365615
0.00017620832659304142
0.00012241664808243513
0.00016900000628083944
0.0001595832873135805

(GCD, average, 3 queens) Done in an average of 0.00015843291766941546 seconds.

Running BenchApp.NQueens:runGCD with 4 queen(s) and 110 iteration(s).

0.0005482917185872793
0.0004655832890421152
0.0004804166965186596
0.0010429166723042727
0.0005180833395570517
0.0004932082956656814
0.0004295000107958913
0.0005007500294595957
0.0003939999733120203
0.00038158323150128126
0.00035312504041939974
0.0004097083583474159
0.0004192083142697811
0.00040966656524688005
0.00043291668407619
0.000391624984331429
0.00046829169150441885
0.0004296250408515334
0.00038962496910244226
0.0003939999733120203
0.0003592916764318943
0.000871583353728056
0.0003987499512732029
0.00028870836831629276
0.00035029160790145397
0.0003912916872650385
0.0003520833561196923
0.0008308333344757557
0.00041212502401322126
0.0003972916165366769
0.00038183340802788734
0.0003341666888445616
0.00042762502562254667
0.00038237497210502625
0.00036099995486438274
0.00043949997052550316
0.0004419166361913085
0.00034495838917791843
0.00044487498234957457
0.00035029160790145397
0.0003588750259950757
0.00039362499956041574
0.0004526666598394513
0.00035770831163972616
0.00046004168689250946
0.00037837494164705276
0.0003610416315495968
0.00035200000274926424
0.00035870831925421953
0.00041829166002571583
0.0003659166395664215
0.000367666594684124
0.00033795833587646484
0.0003672500606626272
0.0003939166199415922
0.00041604170110076666
0.00033900002017617226
0.0003253333270549774
0.000358333345502615
0.00027787499129772186
0.0002557499101385474
0.000326541718095541
0.0002865833230316639
0.00034604163374751806
0.0002794582396745682
0.00038279162254184484
0.0003307916922494769
0.00031800009310245514
0.0003147916868329048
0.00029533333145081997
0.00033920840360224247
0.0003143750363960862
0.00039704167284071445
0.00028641673270612955
0.0003380000125616789
0.00031637505162507296
0.0003836666001006961
0.0003041250165551901
0.000440958421677351
0.00032424996607005596
0.00030916661489754915
0.00036279158666729927
0.0003486666828393936
0.0003782917046919465
0.00028787495102733374
0.0002654166892170906
0.0002977915573865175
0.00035241665318608284
0.00030512502416968346
0.0002590001095086336
0.0002534582745283842
0.00024116667918860912
0.00034970836713910103
0.00024124991614371538
0.00028479169122874737
0.000386666739359498
0.00029758340679109097
0.000323499902151525
0.00024045829195529222
0.00023616664111614227
0.0003039583098143339
0.0002726666862145066
0.0002960833953693509
0.00031608331482857466
0.00027299998328089714
0.000230916659347713
0.0003008333733305335
0.0008236250141635537
0.00021991669200360775
0.00035295833367854357

(GCD, average, 4 queens) Done in an average of 0.00036091041518375276 seconds.

Running BenchApp.NQueens:runGCD with 5 queen(s) and 110 iteration(s).

0.00143624993506819
0.0010742917656898499
0.0010335416300222278
0.0009032500674948096
0.0009094167035073042
0.0009572500130161643
0.000843374989926815
0.0009189166594296694
0.0009140416514128447
0.0009537916630506516
0.0008183332392945886
0.0008176666451618075
0.0008368333801627159
0.0009374583605676889
0.0008599582361057401
0.0008683749474585056
0.0008249999955296516
0.0007747916970402002
0.0008269583340734243
0.0007431250996887684
0.0007816249271854758
0.0008374166209250689
0.0009735416388139129
0.0008235833374783397
0.0011235416168347
0.0008728334214538336
0.0009522082982584834
0.0009260833030566573
0.044036791659891605
0.0010339582804590464
0.0009437500266358256
0.000829708413220942
0.0009073750115931034
0.0476683332817629
0.0011519583640620112
0.0011369166895747185
0.00152879161760211
0.001037458423525095
0.001120750093832612
0.0015928749926388264
0.0011058750096708536
0.0009978750022128224
0.0010661666747182608
0.001075041713193059
0.0010130417067557573
0.0009628749685361981
0.0011920416727662086
0.001053333398886025
0.0010777916759252548
0.001035916619002819
0.0009587500244379044
0.0009128750534728169
0.0010220833355560899
0.0009272916940972209
0.0008545833406969905
0.001012083375826478
0.0009512916440144181
0.02583683340344578
0.0009885417530313134
0.0010749166831374168
0.0010059584164991975
0.0009592915885150433
0.0009234583703801036
0.0009474166436120868
0.0008882499532774091
0.0009277916979044676
0.001039625029079616
0.042535874992609024
0.001195291755720973
0.001091708429157734
0.0010616249637678266
0.0011179166613146663
0.0011477083899080753
0.0009303332772105932
0.0009965416975319386
0.0009973333217203617
0.0009730416350066662
0.0010184583952650428
0.04061433335300535
0.001235750038176775
0.0012250415747985244
0.0012759583769366145
0.048024541698396206
0.0016753749223425984
0.04695200000423938
0.0015205832896754146
0.001643333351239562
0.0013463333016261458
0.0014709999086335301
0.0013538750354200602
0.008643916575238109
0.001085250056348741
0.0012007916811853647
0.0011527499882504344
0.0010796666610985994
0.0010046666720882058
0.0016799999866634607
0.001859833369962871
0.001897333306260407
0.0017564999870955944
0.0017346666427329183
0.0018543750047683716
0.002252666628919542
0.0015732082538306713
0.0014503749553114176
0.0014193333918228745
0.0014830833533778787
0.001544125028885901
0.0106606250628829
0.0015849999617785215

(GCD, average, 5 queens) Done in an average of 0.004187211253447458 seconds.

Running BenchApp.NQueens:runGCD with 6 queen(s) and 110 iteration(s).

