Pressed 'Run benchmark'
About to run 'GCD'-version of NQueens with batch mode: true
Running BenchApp.NQueens:runGCD with 1 queen(s) and 110 iteration(s).

0.0005167082417756319
0.00015291664749383926
0.00013616657815873623
0.00012291665188968182
0.0001465416280552745
0.00020050001330673695
0.00013874995056539774
0.00015712506137788296
8.904165588319302e-05
9.212503209710121e-05
7.891666609793901e-05
0.00011895829811692238
6.5083266235888e-05
0.00013945833779871464
0.00010029168333858252
7.491675205528736e-05
6.633333396166563e-05
6.487499922513962e-05
0.00010587507858872414
8.487503509968519e-05
8.879171218723059e-05
7.90000194683671e-05
5.883339326828718e-05
9.379163384437561e-05
9.337498340755701e-05
0.00011220842134207487
0.00013729161582887173
0.00010833330452442169
8.958333637565374e-05
0.00010125001426786184
0.00013120833318680525
9.204167872667313e-05
7.958326023072004e-05
8.412508759647608e-05
8.13750084489584e-05
8.129165507853031e-05
8.141668513417244e-05
9.774998761713505e-05
9.608338586986065e-05
6.500002928078175e-05
8.404173422604799e-05
6.641657091677189e-05
9.920832235366106e-05
7.241661660373211e-05
9.237497579306364e-05
9.179161861538887e-05
9.066658094525337e-05
7.779162842780352e-05
8.945830632001162e-05
8.350005373358727e-05
9.662494994699955e-05
5.808332934975624e-05
7.09582818672061e-05
7.275003008544445e-05
8.579168934375048e-05
8.687505032867193e-05
7.508322596549988e-05
7.808336522430182e-05
7.779162842780352e-05
8.216674905270338e-05
6.56667398288846e-05
0.00011045834980905056
6.954162381589413e-05
9.200000204145908e-05
7.116666529327631e-05
9.000010322779417e-05
5.9833284467458725e-05
6.541667971760035e-05
7.045839447528124e-05
5.366664845496416e-05
7.054174784570932e-05
5.620834417641163e-05
6.529164966195822e-05
6.150000263005495e-05
7.537496276199818e-05
9.079172741621733e-05
4.8291636630892754e-05
6.674998439848423e-05
5.1708309911191463e-05
4.683330189436674e-05
6.062502507120371e-05
5.2708317525684834e-05
6.250001024454832e-05
5.612510722130537e-05
6.883323658257723e-05
5.883339326828718e-05
5.4166652262210846e-05
5.829159636050463e-05
7.616670336574316e-05
0.00021162501070648432
0.00010683329310268164
4.820828326046467e-05
5.491659976541996e-05
4.6291621401906013e-05
6.700004450976849e-05
5.991675425320864e-05
5.7041761465370655e-05
9.120837785303593e-05
4.35833353549242e-05
6.595824379473925e-05
7.09582818672061e-05
7.529172580689192e-05
6.983336061239243e-05
4.895834717899561e-05
4.758336581289768e-05
4.675006493926048e-05
6.787502206861973e-05
5.9249927289783955e-05
4.8166606575250626e-05
4.6583241783082485e-05

(GCD, average, 1 queens) Done in an average of 7.74737517349422e-05 seconds.

Running BenchApp.NQueens:runGCD with 2 queen(s) and 110 iteration(s).

0.0001413749996572733
8.391658775508404e-05
6.516673602163792e-05
0.00013208342716097832
9.045843034982681e-05
7.258332334458828e-05
5.820824299007654e-05
5.879171658307314e-05
6.191665306687355e-05
0.00010575004853308201
8.949998300522566e-05
0.00010833342093974352
0.0001088334247469902
0.00010595843195915222
0.00010562501847743988
6.004166789352894e-05
6.054167170077562e-05
0.00010495830792933702
7.158331573009491e-05
6.120838224887848e-05
6.295833736658096e-05
0.00010487507097423077
7.12500186637044e-05
5.5583310313522816e-05
6.266660057008266e-05
5.48333628103137e-05
8.037500083446503e-05
8.88332724571228e-05
6.866664625704288e-05
5.687493830919266e-05
4.5625027269124985e-05
6.808340549468994e-05
5.7999975979328156e-05
5.937495734542608e-05
5.266664084047079e-05
4.979164805263281e-05
6.183329969644547e-05
5.700008478015661e-05
6.637501064687967e-05
7.512501906603575e-05
4.66667115688324e-05
6.179162301123142e-05
5.312496796250343e-05
5.183333996683359e-05
6.975000724196434e-05
9.412504732608795e-05
5.9999991208314896e-05
4.941667430102825e-05
8.195836562663317e-05
4.495831672102213e-05
5.083333235234022e-05
4.8749963752925396e-05
4.924996756017208e-05
5.266675725579262e-05
7.729174103587866e-05
6.116670556366444e-05
8.01250571385026e-05
0.00013275002129375935
7.329159416258335e-05
5.987496115267277e-05
5.849997978657484e-05
7.54999928176403e-05
5.6458404287695885e-05
7.979164365679026e-05
7.645832374691963e-05
4.608335439115763e-05
6.037496495991945e-05
7.175002247095108e-05
4.954158794134855e-05
5.0749978981912136e-05
6.008334457874298e-05
8.158339187502861e-05
7.545831613242626e-05
7.695832755416632e-05
7.279170677065849e-05
7.083325181156397e-05
9.920832235366106e-05
6.041675806045532e-05
5.3333351388573647e-05
7.850001566112041e-05
4.800001624971628e-05
4.375004209578037e-05
8.850009180605412e-05
6.21667131781578e-05
7.791665848344564e-05
7.170834578573704e-05
9.066658094525337e-05
6.987492088228464e-05
7.820827886462212e-05
6.116670556366444e-05
7.120834197849035e-05
4.412501584738493e-05
6.558327004313469e-05
4.075001925230026e-05
6.216659676283598e-05
4.3458305299282074e-05
4.5166583731770515e-05
5.054171197116375e-05
4.295830149203539e-05
7.079169154167175e-05
5.2291667088866234e-05
6.241665687412024e-05
6.1541679315269e-05
3.662507515400648e-05
6.841670256108046e-05
4.529173020273447e-05
4.333339165896177e-05
5.0208414904773235e-05
6.570830009877682e-05
0.0001695832470431924

(GCD, average, 2 queens) Done in an average of 6.715500494465232e-05 seconds.

Running BenchApp.NQueens:runGCD with 3 queen(s) and 110 iteration(s).

0.00021620839834213257
0.00017212494276463985
0.00019716669339686632
0.00011079164687544107
0.0001606667647138238
0.00018137495499104261
0.00010800000745803118
0.00014691671822220087
0.00019991665612906218
0.00019929162226617336
0.00011899997480213642
0.00016491662245243788
0.0001724583562463522
0.00016816670540720224
0.00014208327047526836
0.0001623749267309904
0.0002001665998250246
0.00015520828310400248
0.00012208335101604462
0.00016170833259820938
0.00014595838729292154
0.00015633332077413797
0.00016645831055939198
0.0001974583137780428
0.00019187491852790117
0.00012787501327693462
0.00016125000547617674
0.0001062500523403287
0.00015158334281295538
0.00016245839651674032
0.00011000002268701792
0.00015812506899237633
0.00014516664668917656
0.00013720826245844364
0.0001541667152196169
0.00015941658057272434
0.00011391669977456331
0.0001498749479651451
0.0001506666885688901
0.00014216662384569645
0.00010141672100871801
0.00019150006119161844
0.00020124996080994606
0.00013675005175173283
0.0001125832786783576
0.00015329162124544382
0.00013804167974740267
0.00013541663065552711
0.00016033335123211145
0.00017812498845160007
0.00016941665671765804
0.00014295836444944143
0.00014595827087759972
0.00015279173385351896
0.00017850007861852646
0.00015799992252141237
0.00014020840171724558
0.00021691666916012764
0.00011775002349168062
9.112502448260784e-05
0.0001009166007861495
0.00010683329310268164
0.0001189584145322442
9.416660759598017e-05
0.00013929163105785847
7.7458331361413e-05
0.0001225833548232913
7.337506394833326e-05
0.00010704167652875185
8.712499402463436e-05
9.824999142438173e-05
0.00011891662143170834
7.33332708477974e-05
0.00010591663885861635
8.254160638898611e-05
8.725002408027649e-05
0.00013712490908801556
7.458333857357502e-05
0.00012604158837348223
0.00010487507097423077
0.0001148333540186286
0.00011629157233983278
8.045835420489311e-05
0.00011408329010009766
0.00011954165529459715
9.84166981652379e-05
8.308328688144684e-05
9.208335541188717e-05
0.00010941666550934315
8.691661059856415e-05
8.999998681247234e-05
0.000151208252646029
7.933331653475761e-05
0.00010725005995482206
9.395834058523178e-05
8.041667751967907e-05
0.00010220834519714117
8.862500544637442e-05
9.71667468547821e-05
0.00010629161261022091
7.391662802547216e-05
0.00011433335021138191
0.00013079168274998665
8.899997919797897e-05
9.112490806728601e-05
7.137504871934652e-05
7.129169534891844e-05
7.045827805995941e-05
7.454166188836098e-05
0.00010516669135540724

(GCD, average, 3 queens) Done in an average of 0.00012518874369561674 seconds.

Running BenchApp.NQueens:runGCD with 4 queen(s) and 110 iteration(s).

0.00048254174180328846
0.0004682500148192048
0.0004798333393409848
0.0004916667239740491
0.00038474996108561754
0.00047045829705893993
0.0003969166427850723
0.0004135833587497473
0.00047016667667776346
0.0003702084068208933
0.0003572499845176935
0.00047945836558938026
0.0004224999574944377
0.00042470835614949465
0.00040341669227927923
0.0005165416514500976
0.0004015417071059346
0.0004140416858717799
0.0003585417289286852
0.000377166667021811
0.00033891666680574417
0.00036154163535684347
0.0003472917014732957
0.0004039166960865259
0.00034229166340082884
0.0003245000261813402
0.0003342083655297756
0.00042183336336165667
0.0002999999560415745
0.0002813333412632346
0.00039291661232709885
0.0003268750151619315
0.00029954162891954184
0.0003465833142399788
0.00028758333064615726
0.0003799167461693287
0.00043474999256432056
0.00036462501157075167
0.0004317916464060545
0.0002515832893550396
0.00034145836252719164
0.000361874932423234
0.00032270827796310186
0.0004599998937919736
0.00028920837212353945
0.00028229167219251394
0.00037679169327020645
0.00037100003100931644
0.0002657083095982671
0.00042699999175965786
0.0003189999843016267
0.0003051667008548975
0.00027979176957160234
0.00030220835469663143
0.0002800833899527788
0.00027129158843308687
0.00034687493462115526
0.00022104172967374325
0.00039145839400589466
0.0002752499422058463
0.0002416666829958558
0.00027050008065998554
0.0002744166413322091
0.00030933343805372715
0.0003258333308622241
0.00030016666278243065
0.00023429165594279766
0.0003435832913964987
0.00029012502636760473
0.0003053749678656459
0.000278791761957109
0.00026445824187248945
0.000334416632540524
0.0003005834296345711
0.0002688333624973893
0.00035799993202090263
0.000322833308018744
0.00025783327873796225
0.0002492083003744483
0.00031299993861466646
0.0003456666599959135
0.00028320844285190105
0.0003371667116880417
0.00024387496523559093
0.00030412490013986826
0.000254083308391273
0.00038033328019082546
0.0002696249866858125
0.00033095828257501125
0.0002492084167897701
0.00022033334244042635
0.00031554163433611393
0.00028179166838526726
0.00019412499386817217
0.00029416661709547043
0.0003021666780114174
0.00024049996864050627
0.0002649166854098439
0.00021758326329290867
0.000232999911531806
0.00026733335107564926
0.00020949996542185545
0.00024441664572805166
0.00015674997121095657
0.00025733327493071556
0.00024729163851588964
0.00034449994564056396
0.00021937501151114702
0.0003859583521261811
0.00022679159883409739

(GCD, average, 4 queens) Done in an average of 0.00031582249561324716 seconds.

Running BenchApp.NQueens:runGCD with 5 queen(s) and 110 iteration(s).

0.0010136249475181103
0.000983875012025237
0.0008718334138393402
0.0008667083457112312
0.0007444582879543304
0.0007834583520889282
0.0009540833998471498
0.0008355833124369383
0.0007532499730587006
0.0008266667136922479
0.0007519999053329229
0.0008723749779164791
0.0007126666605472565
0.000832541729323566
0.0008105833549052477
0.0006415833486244082
0.0007025416707620025
0.0006418332923203707
0.0007155833300203085
0.0006738749798387289
0.0007484167581424117
0.0006709999870508909
0.0006344583816826344
0.0006273749750107527
0.0006671666633337736
0.0011935000075027347
0.0006387083558365703
0.0006342084379866719
0.0006395833333954215
0.0006764583522453904
0.000574833364225924
0.0006160417106002569
0.0006186249665915966
0.0006964999483898282
0.0005352083826437593
0.0005829583387821913
0.0006999167380854487
0.000706458231434226
0.0006503750337287784
0.0006498750299215317
0.02678525005467236
0.0006866666954010725
0.05070716666523367
0.0008350416319444776
0.0007796250283718109
0.0008675416465848684
0.0007239999249577522
0.0007786666974425316
0.0007247499888762832
0.0007779999868944287
0.0009597500320523977
0.0007636250229552388
0.0009301250101998448
0.0007839166792109609
0.000761541654355824
0.0008058333769440651
0.0006379582919180393
0.0007316250121220946
0.0008150000358000398
0.0007789167575538158
0.0007664583390578628
0.0006424166494980454
0.0006765415892004967
0.0007356667192652822
0.0007401667535305023
0.0006035417318344116
0.0007129166042432189
0.0006441667210310698
0.0006755416980013251
0.03144749999046326
0.0007680415874347091
0.000802875030785799
0.0008120833663269877
0.0008723750943318009
0.0008957083337008953
0.000754999928176403
0.0008222500327974558
0.0007859583711251616
0.0008546250173822045
0.0006270000012591481
0.0012054166290909052
0.0006780833937227726
0.0007770833326503634
0.0008011250756680965
0.0399290417553857
0.001011291635222733
0.0010403749765828252
0.0010760417208075523
0.0010652083437889814
0.0010224166326224804
0.0010524583049118519
0.0009601250058040023
0.0008040416287258267
0.0008927083108574152
0.0008295417064800858
0.0008785832906141877
0.0009170833509415388
0.0009029166540130973
0.0008740416960790753
0.0009525833884254098
0.0008265415672212839
0.000865791691467166
0.0007396666333079338
0.0007780833402648568
0.0007161666871979833
0.0009054583497345448
0.0007322083692997694
0.0007667500758543611
0.0008177083218470216
0.0007604584097862244

(GCD, average, 5 queens) Done in an average of 0.0022367208427749572 seconds.

Running BenchApp.NQueens:runGCD with 6 queen(s) and 110 iteration(s).

