Pressed 'Run benchmark'
About to run 'Swift concurrency'-version of NQueens with batch mode: true
Running BenchApp.NQueens:runAsync with 1 queen(s) and 110 iteration(s).

0.00020050001330673695
2.0625069737434387e-05
9.375042282044888e-06
1.3875076547265053e-05
9.041628800332546e-06
1.6125035472214222e-05
1.3458309695124626e-05
8.458388037979603e-06
1.2874952517449856e-05
1.237494871020317e-05
4.354165866971016e-05
8.916715160012245e-06
1.537497155368328e-05
8.958275429904461e-06
1.2999982573091984e-05
1.2916745617985725e-05
1.2916629202663898e-05
8.624978363513947e-06
1.1375057511031628e-05
1.4041666872799397e-05
1.3083335943520069e-05
1.3291602954268456e-05
1.3041659258306026e-05
1.4041666872799397e-05
1.550000160932541e-05
1.283339224755764e-05
1.3041659258306026e-05
1.2958305887877941e-05
1.3458309695124626e-05
2.4916604161262512e-05
1.4583347365260124e-05
1.1458294466137886e-05
1.654168590903282e-05
1.4041666872799397e-05
5.308340769261122e-05
1.566670835018158e-05
1.3333279639482498e-05
1.3458309695124626e-05
1.3749930076301098e-05
1.3125012628734112e-05
1.3541663065552711e-05
1.2833275832235813e-05
1.3083335943520069e-05
1.3124896213412285e-05
1.8458347767591476e-05
1.3999990187585354e-05
1.337495632469654e-05
1.12500274553895e-05
8.458388037979603e-06
1.820828765630722e-05
1.583341509103775e-05
1.3041659258306026e-05
1.4374963939189911e-05
2.3666652850806713e-05
1.3958429917693138e-05
8.83336178958416e-06
8.500064723193645e-06
8.333357982337475e-06
1.2708362191915512e-05
1.3125012628734112e-05
8.708331733942032e-06
1.1708354577422142e-05
1.2999982573091984e-05
2.37500062212348e-05
1.3291719369590282e-05
1.2874952517449856e-05
1.608335878700018e-05
2.2166641429066658e-05
1.4416640624403954e-05
1.4499993994832039e-05
1.3499986380338669e-05
1.537497155368328e-05
1.3291719369590282e-05
1.1041760444641113e-05
1.2916629202663898e-05
1.3375072740018368e-05
1.3708253391087055e-05
1.2999982573091984e-05
1.2958305887877941e-05
1.300009898841381e-05
1.4041666872799397e-05
1.325004268437624e-05
1.3083335943520069e-05
8.708331733942032e-06
1.300009898841381e-05
1.2708362191915512e-05
1.3625016435980797e-05
3.9916601963341236e-05
1.3874960131943226e-05
1.950003206729889e-05
1.791666727513075e-05
2.475001383572817e-05
1.725007314234972e-05
1.337495632469654e-05
3.045832272619009e-05
1.6708276234567165e-05
1.6166712157428265e-05
1.3291719369590282e-05
1.3166689313948154e-05
1.691665966063738e-05
1.3791723176836967e-05
1.3874960131943226e-05
3.0791619792580605e-05
1.6458332538604736e-05
1.6166712157428265e-05
1.3333279639482498e-05
1.3625016435980797e-05
1.3291719369590282e-05
8.958275429904461e-06
1.3749930076301098e-05

(async, average, 1 queens) Done in an average of 1.5220001805573703e-05 seconds.

Running BenchApp.NQueens:runAsync with 2 queen(s) and 110 iteration(s).

3.416661638766527e-05
3.466662019491196e-05
2.916669473052025e-05
3.129162359982729e-05
4.6458328142762184e-05
2.9416754841804504e-05
2.8958311304450035e-05
2.6958296075463295e-05
2.8416630811989307e-05
3.208336420357227e-05
3.724999260157347e-05
3.3624935895204544e-05
4.1624996811151505e-05
6.958330050110817e-05
4.7291629016399384e-05
2.875004429370165e-05
4.5874970965087414e-05
4.091672599315643e-05
2.9958318918943405e-05
3.545836079865694e-05
2.962502185255289e-05
3.158336039632559e-05
4.67916252091527e-05
5.4291682317852974e-05
2.8083333745598793e-05
4.6916655264794827e-05
3.0125025659799576e-05
2.3000058718025684e-05
2.2999942302703857e-05
5.708332173526287e-05
2.1708314307034016e-05
2.2499938495457172e-05
2.5124987587332726e-05
2.4916604161262512e-05
2.4166656658053398e-05
2.0124949514865875e-05
2.4833250790834427e-05
2.945831511169672e-05
2.0499923266470432e-05
2.4625100195407867e-05
2.150004729628563e-05
2.3541739210486412e-05
1.5708385035395622e-05
2.279167529195547e-05
2.1625077351927757e-05
2.29167053475976e-05
2.379168290644884e-05
3.550003748387098e-05
2.2541615180671215e-05
2.2249994799494743e-05
2.3916596546769142e-05
2.620834857225418e-05
3.0958326533436775e-05
2.2416701540350914e-05
2.1125073544681072e-05
2.5166664272546768e-05
2.2166641429066658e-05
3.016670234501362e-05
2.475001383572817e-05
2.13750172406435e-05
3.104167990386486e-05
3.350002225488424e-05
4.129169974476099e-05
2.5249901227653027e-05
2.3166765458881855e-05
3.8624973967671394e-05
1.691665966063738e-05
1.9708415493369102e-05
1.6125035472214222e-05
1.5833298675715923e-05
2.5958288460969925e-05
4.1208346374332905e-05
1.8416671082377434e-05
2.0999927073717117e-05
1.779163721948862e-05
2.5041750632226467e-05
2.820836380124092e-05
2.3958389647305012e-05
2.791674342006445e-05
4.354165866971016e-05
2.562499139457941e-05
2.9916642233729362e-05
2.13750172406435e-05
1.9291648641228676e-05
1.9291648641228676e-05
1.6291742213070393e-05
3.300001844763756e-05
2.26249685510993e-05
1.9999919459223747e-05
2.1374900825321674e-05
2.6041758246719837e-05
3.0958326533436775e-05
4.412501584738493e-05
2.1708314307034016e-05
2.0708306692540646e-05
3.0291732400655746e-05
5.204160697758198e-05
2.037500962615013e-05
3.433332312852144e-05
2.320832572877407e-05
2.020830288529396e-05
2.3583299480378628e-05
4.1624996811151505e-05
4.1499966755509377e-05
2.187490463256836e-05
2.1583284251391888e-05
3.4125056117773056e-05
2.1666637621819973e-05
3.6958372220396996e-05
3.291666507720947e-05

(async, average, 2 queens) Done in an average of 2.862333320081234e-05 seconds.

Running BenchApp.NQueens:runAsync with 3 queen(s) and 110 iteration(s).

5.795841570943594e-05
4.912505391985178e-05
5.179166328161955e-05
5.145824979990721e-05
6.491667591035366e-05
8.350005373358727e-05
4.070834256708622e-05
3.450002986937761e-05
6.46666157990694e-05
9.920832235366106e-05
5.404162220656872e-05
3.5708420909941196e-05
7.174990605562925e-05
4.5458320528268814e-05
4.133337642997503e-05
4.0624989196658134e-05
4.0499959141016006e-05
4.112499300390482e-05
2.7916627004742622e-05
4.329171497374773e-05
5.141668953001499e-05
4.0083425119519234e-05
4.6749948523938656e-05
4.4375075958669186e-05
4.170835018157959e-05
3.8791680708527565e-05
3.9375037886202335e-05
3.795826341956854e-05
3.6541721783578396e-05
4.650000482797623e-05
3.9458274841308594e-05
5.2333343774080276e-05
5.5458396673202515e-05
4.1208346374332905e-05
3.366661258041859e-05
3.62499849870801e-05
3.983336500823498e-05
3.825000021606684e-05
3.925000783056021e-05
5.9583340771496296e-05
3.6125071346759796e-05
5.6124990805983543e-05
3.545836079865694e-05
6.150000263005495e-05
3.9624981582164764e-05
3.58333345502615e-05
3.300001844763756e-05
0.00010579160880297422
4.8999907448887825e-05
4.3625012040138245e-05
2.6458408683538437e-05
3.462505992501974e-05
2.6708352379500866e-05
3.804173320531845e-05
3.087508957833052e-05
5.7124998420476913e-05
4.6166591346263885e-05
5.79167390242219e-05
7.895834278315306e-05
3.291666507720947e-05
3.870832733809948e-05
4.229159094393253e-05
3.695825580507517e-05
3.799994010478258e-05
3.2250070944428444e-05
3.004167228937149e-05
2.8958427719771862e-05
3.858329728245735e-05
3.487500362098217e-05
3.858329728245735e-05
4.3041654862463474e-05
3.3208285458385944e-05
3.570830449461937e-05
3.087497316300869e-05
3.0374969355762005e-05
4.120822995901108e-05
2.6791589334607124e-05
5.504162982106209e-05
3.241666126996279e-05
3.070826642215252e-05
3.970833495259285e-05
2.6833382435142994e-05
4.175002686679363e-05
3.083329647779465e-05
3.395823296159506e-05
2.904166467487812e-05
3.2708398066461086e-05
3.162503708153963e-05
2.929160837084055e-05
5.054171197116375e-05
2.9125018045306206e-05
4.920829087495804e-05
4.0208338759839535e-05
3.550003748387098e-05
3.45833832398057e-05
2.8541660867631435e-05
2.8125010430812836e-05
3.145833034068346e-05
3.308337181806564e-05
2.6833266019821167e-05
4.895823076367378e-05
3.62499849870801e-05
6.470829248428345e-05
3.4708296880126e-05
4.1958410292863846e-05
5.008326843380928e-05
3.574998117983341e-05
3.7499936297535896e-05
3.1416770070791245e-05
3.0499999411404133e-05

(async, average, 3 queens) Done in an average of 4.039833089336753e-05 seconds.

Running BenchApp.NQueens:runAsync with 4 queen(s) and 110 iteration(s).

7.375003769993782e-05
7.308332715183496e-05
8.495838847011328e-05
7.204164285212755e-05
7.049995474517345e-05
7.91249331086874e-05
8.26249597594142e-05
7.066666148602962e-05
7.441674824804068e-05
7.966673001646996e-05
6.758340168744326e-05
7.695832755416632e-05
7.245829328894615e-05
8.812500163912773e-05
8.245836943387985e-05
7.433327846229076e-05
7.383327465504408e-05
8.525000885128975e-05
9.283330291509628e-05
7.395830471068621e-05
5.2583287470042706e-05
5.779170896857977e-05
6.250001024454832e-05
4.724995233118534e-05
6.358325481414795e-05
5.7124998420476913e-05
4.6333298087120056e-05
5.1583279855549335e-05
4.770839586853981e-05
7.304165046662092e-05
6.712507456541061e-05
8.295837324112654e-05
7.541663944721222e-05
9.350001346319914e-05
9.083328768610954e-05
4.55416738986969e-05
5.9750047512352467e-05
0.00011245824862271547
8.995842654258013e-05
8.95416596904397e-05
6.874999962747097e-05
8.087500464171171e-05
6.11250288784504e-05
0.00010229158215224743
9.562494233250618e-05
8.766667451709509e-05
7.112498860806227e-05
6.870832294225693e-05
6.46666157990694e-05
6.970844697207212e-05
8.770835120230913e-05
8.695828728377819e-05
6.41250517219305e-05
6.599992047995329e-05
9.075005073100328e-05
0.00011429167352616787
8.720834739506245e-05
6.874999962747097e-05
7.050007116049528e-05
6.408325862139463e-05
6.545835640281439e-05
8.412497118115425e-05
5.7208351790905e-05
6.866676267236471e-05
8.212507236748934e-05
6.950006354600191e-05
8.191668894141912e-05
9.537499863654375e-05
8.67500202730298e-05
6.483332253992558e-05
6.541667971760035e-05
9.81249613687396e-05
8.975004311650991e-05
5.9166690334677696e-05
8.862500544637442e-05
7.974996697157621e-05
6.541667971760035e-05
7.545831613242626e-05
8.062506094574928e-05
8.854165207594633e-05
6.408337503671646e-05
9.649991989135742e-05
0.00010366667993366718
6.429164204746485e-05
8.558330591768026e-05
5.791662260890007e-05
7.23750563338399e-05
8.233333937823772e-05
6.466673221439123e-05
6.708328146487474e-05
7.970829028636217e-05
9.774998761713505e-05
8.362508378922939e-05
8.94167460501194e-05
7.70416809245944e-05
6.933335680514574e-05
6.916665006428957e-05
0.00010879174806177616
7.937499321997166e-05
8.116674143821001e-05
5.7291705161333084e-05
8.941662963479757e-05
8.554174564778805e-05
6.84583792462945e-05
8.541659917682409e-05
7.087504491209984e-05
6.949994713068008e-05
6.629165727645159e-05
0.00010066665709018707
6.1541679315269e-05

(async, average, 4 queens) Done in an average of 7.621000404469668e-05 seconds.

Running BenchApp.NQueens:runAsync with 5 queen(s) and 110 iteration(s).

0.0002118332777172327
0.0002267917152494192
0.00023654173128306866
0.00027291662991046906
0.00019749999046325684
0.00021312502212822437
0.00020475010387599468
0.00021395832300186157
0.00023508339654654264
0.00021612492855638266
0.00020720832981169224
0.00023920834064483643
0.0002300000051036477
0.00020229164510965347
0.0002273332793265581
0.00023891672026365995
0.00019920826889574528
0.0002356666373088956
0.00021425005979835987
0.00021125003695487976
0.00022458343300968409
0.0002016667276620865
0.000247625051997602
0.0002147083869203925
0.00016870826948434114
0.0001965416595339775
0.00021891656797379255
0.00019537494517862797
0.00017879169899970293
0.0001861249329522252
0.000163583317771554
0.0001787500223144889
0.00020404160022735596
0.00017179164569824934
0.00015691667795181274
0.00014766666572540998
0.00024133326951414347
0.00022033334244042635
0.00014712498523294926
0.0001874582376331091
0.00021049997303634882
0.00019237492233514786
0.0002071666531264782
0.00017716665752232075
0.00022437504958361387
0.00020062504336237907
0.0002074583899229765
0.00020766665693372488
0.00019395840354263783
0.0002038750099018216
0.00023341667838394642
0.0002218333538621664
0.0002767500700429082
0.0002617916325107217
0.00023137498646974564
0.00019437505397945642
0.00018870830535888672
0.00018212501890957355
0.00022991665173321962
0.0002281250199303031
0.000298250000923872
0.0002448749728500843
0.000188166624866426
0.00016983342356979847
0.0002128334017470479
0.0002202916657552123
0.0002604583278298378
0.00019541673827916384
0.00020683335606008768
0.0002586249029263854
0.0001872084103524685
0.00027279159985482693
0.00027166667860001326
0.00020949996542185545
0.0002631666138768196
0.00023495836649090052
0.00020091666374355555
0.00023137498646974564
0.00021245842799544334
0.00021745834965258837
0.0002001250395551324
0.00015437498223036528
0.00020941661205142736
0.00017691671382635832
0.000146874925121665
0.00019041658379137516
0.00016841664910316467
0.00024349999148398638
0.00019287504255771637
0.0002047083107754588
0.00019587506540119648
0.00017725001089274883
0.00015995826106518507
0.00019537494517862797
0.00016112509183585644
0.00020908331498503685
0.00020504172425717115
0.00021766661666333675
0.00023241667076945305
0.00021041661966592073
0.00020020827651023865
0.00017612497322261333
0.0001687499461695552
0.00019675004296004772
0.00019558332860469818
0.00018229172565042973
0.0001573750050738454
0.0002460833638906479
0.00018820830155164003
0.00018695835024118423

(async, average, 5 queens) Done in an average of 0.00020638208254240454 seconds.

Running BenchApp.NQueens:runAsync with 6 queen(s) and 110 iteration(s).

0.0006347083253785968
0.00042854167986661196
0.0003871666267514229
0.0003613333683460951
0.0006616667378693819
0.00042875006329268217
0.0006016666302457452
0.0004110416630282998
0.0004162916447967291
0.000653750030323863
0.00045270833652466536
0.0005756666650995612
0.00036066665779799223
0.0004677083343267441
0.000546583323739469
0.0003712500911206007
0.00035737501457333565
0.000536416657269001
0.0005348749691620469
0.0004040416097268462
0.0003992500714957714
0.00038950005546212196
0.0003940833266824484
0.0003708333242684603
0.000556666636839509
0.00039850000757724047
0.00045991665683686733
0.0003740832908079028
0.0003763333661481738
0.0004932084120810032
0.00036079157143831253
0.00039499998092651367
0.0003548749955371022
0.00039287505205720663
0.0005354167660698295
0.00037687504664063454
0.00036366668064147234
0.000519041670486331
0.00036491674836724997
0.0003629166167229414
0.0004120833473280072
0.0005038750823587179
0.0003799583064392209
0.0004366249777376652
0.00033704168163239956
0.0003597498871386051
0.0003882083110511303
0.00048579159192740917
0.0004002082860097289
0.0003743750276044011
0.0003813750809058547
0.0003722083056345582
0.0004107083659619093
0.00047220836859196424
0.00036195828579366207
0.00036987499333918095
0.0005195416742935777
0.00038908340502530336
0.0003104166826233268
0.0004235416417941451
0.0003573333378881216
0.0004049167037010193
0.0003427499905228615
0.0003400000277906656
0.0003750000614672899
0.0003547499654814601
0.0003677916247397661
0.00045062508434057236
0.0003562083002179861
0.0003457500133663416
0.0002907917369157076
0.00033845833968371153
0.0004441249184310436
0.00037937506567686796
0.0003255000337958336
0.00045375002082437277
0.00034491659607738256
0.0003558750031515956
0.0004248750628903508
0.0003540415782481432
0.0003224166575819254
0.0002957083052024245
0.0003018750576302409
0.00031866668723523617
0.0003221250372007489
0.00032370828557759523
0.00044537498615682125
0.00036729173734784126
0.0003252916503697634
0.00038112502079457045
0.0002669582609087229
0.00027324992697685957
0.0002843333641067147
0.00028654164634644985
0.0004107917193323374
0.00033962493762373924
0.0002739166375249624
0.00038454169407486916
0.00030800001695752144
0.00025762501172721386
0.00024654169101268053
0.0002803750103339553
0.00026441668160259724
0.00026270828675478697
0.0002604583278298378
0.0004124999977648258
0.00032300001475960016
0.0002558332635089755
0.0002854582853615284
0.0002559167332947254

(async, average, 6 queens) Done in an average of 0.0003767808363772929 seconds.

Running BenchApp.NQueens:runAsync with 7 queen(s) and 110 iteration(s).

0.0008185000624507666
0.0008946250891312957
0.0010066666873171926
0.0009369166800752282
0.0009714167099446058
0.001041000010445714
0.0008542082505300641
0.0010958333732560277
0.0008797916816547513
0.0009506249334663153
0.0009349583415314555
0.0008355833124369383
0.0008050416363403201
0.0010719583369791508
0.0009281249949708581
0.0008902916451916099
0.0008279999019578099
0.0011501250555738807
0.00103945832233876
0.0009415000677108765
0.00098595826420933
0.0008399999933317304
0.0009570417460054159
0.000967833329923451
0.0009388750186190009
0.0010198750533163548
0.000938916695304215
0.0009330833563581109
0.0008033333579078317
0.0009446666808798909
0.0008794167079031467
0.0008040000684559345
0.0010154166957363486
0.0010071250144392252
0.000975708244368434
0.0009838748956099153
0.0010208749445155263
0.0009806249290704727
0.0008253749692812562
0.0008595833787694573
0.0008971249917522073
0.0008873334154486656
0.0008853750769048929
0.0009427083423361182
0.0008272499544546008
0.0008617916610091925
0.0009901666780933738
0.0008410833543166518
0.0010148333385586739
0.0009459584252908826
0.0008972083451226354
0.0008249166421592236
0.0009734167251735926
0.0008234583074226975
0.0008500417461618781
0.0009321667021140456
0.0010413334239274263
0.0008014583727344871
0.000814458355307579
0.0010563749819993973
0.000955458264797926
0.0008309583645313978
0.0008972083451226354
0.0010542500531300902
0.0009836667450144887
0.0008705833461135626
0.0009334583301097155
0.000984625075943768
0.000976583338342607
0.0009239582577720284
0.0008304582443088293
0.0009661250514909625
0.0008525833254680037
0.0008243750780820847
0.0008561667054891586
0.0009008749620988965
0.000850541633553803
0.0009295416530221701
0.0008673749398440123
0.0009753332706168294
0.0010450416011735797
0.0009470416698604822
0.0009754584170877934
0.0009010833455249667
0.0008646667702123523
0.0008762499783188105
0.0008044583955779672
0.000852041644975543
0.0008410416776314378
0.0009696666384115815
0.0008307083044201136
0.0011251249816268682
0.0008348333649337292
0.0007777083665132523
0.0011607916094362736
0.0008220833260565996
0.0008327916730195284
0.0009285833220928907
0.0008851250167936087
0.0010015832958742976
0.0009323750855401158
0.0010664999717846513
0.00111195829231292
0.0007682082941755652
0.0009240000508725643
0.0008514582877978683
0.0009357916424050927
0.0008529167389497161
0.0009518333245068789
0.0009336667135357857

(async, average, 7 queens) Done in an average of 0.0009208400058560073 seconds.

Running BenchApp.NQueens:runAsync with 8 queen(s) and 110 iteration(s).

0.0031516666058450937
0.0030784583650529385
0.003120833309367299
0.002847833326086402
0.0027987916255369782
0.00303333334159106
0.003056458313949406
0.0031609999714419246
0.0031516667222604156
0.003057124908082187
0.002916625002399087
0.0030312499729916453
0.0030313333263620734
0.003406708361580968
0.0030790416058152914
0.0032654167152941227
0.002992666675709188
0.0030054582748562098
0.0031734167132526636
0.0030169583624228835
0.002922625048086047
0.003347499994561076
0.0030936666298657656
0.003214291646145284
0.003015000023879111
0.0028236249927431345
0.003062166622839868
0.002889166702516377
0.003165000001899898
0.003137416671961546
0.0032695833360776305
0.0031276249792426825
0.0031119583873078227
0.002873208373785019
0.0030554583063349128
0.0029865415999665856
0.0029510000022128224
0.0030229584081098437
0.0030178333399817348
0.003091916674748063
0.0029379166662693024
0.002990583307109773
0.003335874993354082
0.0030118749709799886
0.003108458360657096
0.0028642084216699004
0.0030907916370779276
0.0029149582842364907
0.0029880417278036475
0.003019375028088689
0.003080958384089172
0.003293083398602903
0.0029313332634046674
0.002945666667073965
0.003173458273522556
0.003537791664712131
0.003073166706599295
0.0032333750277757645
0.003038124996237457
0.00304041663184762
0.0031263750279322267
0.0030724999960511923
0.003128791693598032
0.0032267916249111295
0.003094875020906329
0.002953458344563842
0.0030221666675060987
0.0029675416881218553
0.0029548333259299397
0.0031024999916553497
0.003068041638471186
0.002962416736409068
0.0030297082848846912
0.003078833338804543
0.0031102083157747984
0.003073166706599295
0.003353749983943999
0.0029684166656807065
0.0034795000683516264
0.0031711249612271786
0.0028951249551028013
0.003231041715480387
0.003270625020377338
0.0028556666802614927
0.003052166663110256
0.003224291605874896
0.002931916736997664
0.002981708385050297
0.0031706667505204678
0.0031716249650344253
0.003096124972216785
0.00299270823597908
0.0031380417058244348
0.003044708399102092
0.003131750039756298
0.003128083306364715
0.0030562083702534437
0.003006458282470703
0.00290862494148314
0.002973791561089456
0.003184583387337625
0.003321291645988822
0.002955041592940688
0.003164125024341047
0.003279958269558847
0.003330708248540759
0.0029886666452512145
0.00341412506531924
0.0030399166280403733
0.003160499967634678

(async, average, 8 queens) Done in an average of 0.0030875212501268834 seconds.

Running BenchApp.NQueens:runAsync with 9 queen(s) and 110 iteration(s).

0.012837791698984802
0.0122907500481233
0.01242587505839765
0.012383458320982754
0.012254666653461754
0.012664208305068314
0.01295712508726865
0.012220041593536735
0.01240400003734976
0.012841916643083096
0.012237749993801117
0.012397874961607158
0.01280324999243021
0.012255458277650177
0.01242329168599099
0.012486416730098426
0.012198666692711413
0.012043333263136446
0.012430125032551587
0.012561375042423606
0.012343500042334199
0.012375749996863306
0.01226254168432206
0.012324416660703719
0.012241375050507486
0.012602958246134222
0.0123336665565148
0.012596583226695657
0.012263749958947301
0.012391333351843059
0.012232875102199614
0.01241708337329328
0.012033374980092049
0.012760375044308603
0.012553541571833193
0.012361499946564436
0.012447166605852544
0.012427749927155674
0.013112833257764578
0.012273666681721807
0.012086083297617733
0.012332875048741698
0.01228358328808099
0.012374499929137528
0.012577708344906569
0.012416916666552424
0.0121308749075979
0.012710500042885542
0.012136083329096437
0.01264937489759177
0.012618500040844083
0.012708958354778588
0.012443833285942674
0.012302250019274652
0.011935166665352881
0.013046458247117698
0.012407708331011236
0.012126874993555248
0.012277541682124138
0.012196833384223282
0.012200833298265934
0.012611333280801773
0.012949374970048666
0.011946999933570623
0.012638833373785019
0.012073333375155926
0.01259091671090573
0.01357354165520519
0.012481375015340745
0.012595291598699987
0.012694583274424076
0.012371250079013407
0.012353416648693383
0.012689291732385755
0.01278512494172901
0.012978083337657154
0.012354416656307876
0.01233354164287448
0.012369333417154849
0.01253095839638263
0.012424750020727515
0.012238500057719648
0.012298208312131464
0.012200291734188795
0.012351583340205252
0.012817249982617795
0.012268166639842093
0.012444166699424386
0.012676500016823411
0.012103708344511688
0.012696624966338277
0.0127072500763461
0.012160708312876523
0.012102833366952837
0.012396250036545098
0.012419916689395905
0.012486791703850031
0.012322125025093555
0.012421208317391574
0.012663124944083393
0.012226750026457012
0.012810083222575486
0.012443541665561497
0.012765208375640213
0.012354749953374267
0.012379333260469139
0.012294333428144455
0.012461625039577484
0.012568666716106236
0.012238000053912401

(async, average, 9 queens) Done in an average of 0.012438202913617715 seconds.

Running BenchApp.NQueens:runAsync with 10 queen(s) and 110 iteration(s).

0.06070762500166893
0.06003187503665686
0.06043312500696629
0.059409791603684425
0.0606742916861549
0.06369991658721119
0.059720333316363394
0.05916904169134796
0.059020833345130086
0.059114541625604033
0.06001420831307769
0.05861420836299658
0.059262958355247974
0.05973070836625993
0.06094733334612101
0.05912820831872523
0.05961983336601406
0.059563125018030405
0.059044291730970144
0.05960958334617317
0.05931954167317599
0.060303833335638046
0.05944799992721528
0.05839858332183212
0.05874529166612774
0.05926604173146188
0.061012875055894256
0.05949337501078844
0.06047824991401285
0.05888133333064616
0.060297499992884696
0.05984262505080551
0.0586937916232273
0.059455250040628016
0.058802291634492576
0.059471541666425765
0.05920133332256228
0.05921583331655711
0.0607527915854007
0.059068874921649694
0.05999995837919414
0.058857291587628424
0.05826508335303515
0.05929945828393102
0.05913608334958553
0.059514666674658656
0.056998625048436224
0.059479375020600855
0.059938458376564085
0.059359791688621044
0.05817350000143051
0.058757999911904335
0.05807770835235715
0.05958229163661599
0.060529208392836154
0.05980575003195554
0.060422208276577294
0.059173083398491144
0.060121500049717724
0.0580731249647215
0.05957716656848788
0.058286875020712614
0.05863904161378741
0.06056466663721949
0.05933937500230968
0.05866854160558432
0.05926937493495643
0.059825874981470406
0.059889458352699876
0.05839920835569501
0.05911212495993823
0.05974433338269591
0.0594212916912511
0.05970358336344361
0.05912479176186025
0.05927070835605264
0.05961712496355176
0.0591517083812505
0.05952383333351463
0.060319791664369404
0.05957754165865481
0.05943999998271465
0.05933125002775341
0.05929800006560981
0.06036595825571567
0.05861008330248296
0.05947162501979619
0.060190999996848404
0.05978733336087316
0.06103041674941778
0.060280541656538844
0.05974816658999771
0.05779008334502578
0.05962674994952977
0.05931979161687195
0.05987179174553603
0.05907558335456997
0.05879612499848008
0.05842183332424611
0.05927495833020657
0.0591390416957438
0.05972400004975498
0.0601252083433792
0.059553375001996756
0.05920491670258343
0.05900633323471993
0.0609678749460727
0.05900124995969236
0.06013949995394796
0.06105458328966051

(async, average, 10 queens) Done in an average of 0.059439223748631774 seconds.

Running BenchApp.NQueens:runAsync with 11 queen(s) and 110 iteration(s).

0.316410250030458
0.314099624985829
0.3172868334222585
0.31472283334005624
0.316680624964647
0.31779270828701556
0.31615291663911194
0.315734583302401
0.3202887084335089
0.3169807083904743
0.3174263749970123
0.3186347499722615
0.3192581665934995
0.3174204584211111
0.3132151666795835
0.3184334166580811
0.3197678333381191
0.3163480833172798
0.31919083336833864
0.31710370839573443
0.3165998749900609
0.3178379583405331
0.3164288334082812
0.31793512508738786
0.3209344167262316
0.32434054161421955
0.3190078749321401
0.319757999968715
0.32026654155924916
0.32141845824662596
0.32261387491598725
0.3216997500276193
0.3190434583229944
0.3191745834192261
0.324552874895744
0.32242608338128775
0.32359887508209795
0.32128037500660866
0.32344683341216296
0.32381174992769957
0.3255011666333303
0.32290904165711254
0.32195750006940216
0.3311519584385678
0.3243016250198707
0.32205850002355874
0.3208869167137891
0.32167358335573226
0.321751166600734
0.32446758344303817
0.3234411249868572
0.32577229163143784
0.32410179160069674
0.32652687502559274
0.3246235833503306
0.3229482916649431
0.323056208435446
0.32307866669725627
0.3237990833586082
0.32245379174128175
0.3215535416966304
0.32322695839684457
0.32171499996911734
0.32378079171758145
0.325063708354719
0.3250607083318755
0.3239646665751934
0.3241684583481401
0.3244261249201372
0.3238885833416134
0.32522116671316326
0.32731199997942895
0.3250884582521394
0.3241960833547637
0.3235380416736007
0.325471333344467
0.32104945834726095
0.32889699994120747
0.32620970834977925
0.32450087496545166
0.3247688750270754
0.3251185000408441
0.3266747500747442
0.32575074990745634
0.32496358337812126
0.3223814583616331
0.3266894583357498
0.3247942083980888
0.324404958402738
0.33344850002322346
0.3265449999598786
0.3250665416708216
0.32585820835083723
0.3268363749375567
0.3274550416972488
0.32700095837935805
0.324347541667521
0.3249325000215322
0.3303744167787954
0.327833249932155
0.32541775004938245
0.33007999998517334
0.3310457083862275
0.3275001667207107
0.32625741662923247
0.32860604173038155
0.3312338333344087
0.33005183341447264
0.3277701666811481
0.32909070840105414

(async, average, 11 queens) Done in an average of 0.32370066792704166 seconds.

Running BenchApp.NQueens:runAsync with 12 queen(s) and 110 iteration(s).

2.096087916637771
1.8627830416662619
1.8823658750625327
1.8995162083301693
1.8777072083903477
1.878257125033997
1.882581999991089
1.8793419166468084
1.882359000039287
1.8862199999857694
1.896675750031136
1.8946613332955167
1.8981386666418985
1.8955657499609515
1.902226208243519
1.906744166626595
1.892709125066176
1.896460416726768
1.9059484166791663
1.9152844166383147
1.9407436250476167
1.9612257082480937
1.9645468749804422
1.983159083290957
1.9852836666395888
1.9912065416574478
1.9998449166305363
1.9954699584050104
2.0041988749289885
2.003621833398938
2.009281291626394
2.028538208338432
2.0311622499721125
2.031650000018999
2.057506874902174
2.043609958374873
2.0507833750452846
2.0529532083310187
2.0551053333329037
2.0621930001070723
2.0592243333812803
2.055320541607216
2.048933624988422
2.0650786249898374
2.060115583357401
2.0796744166873395
2.0788558333879337
2.108003666624427
2.095477333292365
2.0957184999715537
2.1185687916586176
2.1253851249348372
2.1217420833418146
2.105668625095859
2.1193517500068992
2.117222458240576
2.1137097916798666
2.1058223333675414
2.099956208257936
2.111639083363116
2.12366508343257
2.1287972083082423
2.1017130416585132
2.142784500028938
2.1261308334069327
2.089210333302617
2.1566184166586027
2.1149809166090563
2.112450374988839
2.1145225417567417
2.131060416577384
2.102454249979928
2.117140124901198
2.149761416600086
2.143091708421707
2.1800104998983443
2.148642958374694
2.118634666665457
2.1670084584038705
2.1249891250627115
2.113223791704513
2.149176291655749
2.1458621666533872
2.1266355416737497
2.159184708376415
2.1389841666677967
2.1579677916597575
2.157417624955997
2.1334477916825563
2.1604061666876078
2.1776388332946226
2.1721671249251813
2.142956666648388
2.177592791733332
2.1536734582623467
2.164255499956198
2.170143458293751
2.157648166641593
2.1791047499282286
2.2258933749981225
2.198146541719325
2.13656779169105
2.145165374968201
2.176376458373852
2.1662812917493284
2.132369291735813
2.1924452083185315
2.159854166675359
2.133547500008717
2.1605920833535492

(async, average, 12 queens) Done in an average of 2.085003602914512 seconds.

Benchmark done
