Pressed 'Run benchmark'
About to run 'Swift concurrency'-version of NQueens with batch mode: true
Running BenchApp.NQueens:runAsync with 1 queen(s) and 110 iteration(s).

0.0017349583795294166
3.7375022657215595e-05
1.9541708752512932e-05
2.3708329536020756e-05
1.8041697330772877e-05
1.7124926671385765e-05
2.37500062212348e-05
2.3166649043560028e-05
2.38749198615551e-05
2.274999860674143e-05
2.33333557844162e-05
2.3124972358345985e-05
2.30416189879179e-05
2.3250002413988113e-05
2.3708329536020756e-05
2.4166656658053398e-05
2.308341208845377e-05
2.462498378008604e-05
2.279167529195547e-05
5.512498319149017e-05
5.979160778224468e-05
2.5708344765007496e-05
2.4166656658053398e-05
2.3666652850806713e-05
2.329156268388033e-05
2.38749198615551e-05
2.4124979972839355e-05
2.29167053475976e-05
2.4083303287625313e-05
2.3000058718025684e-05
2.287491224706173e-05
2.337503246963024e-05
2.2875028662383556e-05
2.6000081561505795e-05
2.4583423510193825e-05
2.29167053475976e-05
2.475001383572817e-05
2.29167053475976e-05
4.1500083170831203e-05
3.074994310736656e-05
2.8374954126775265e-05
6.516673602163792e-05
2.8999987989664078e-05
4.870828706771135e-05
2.462498378008604e-05
4.0041632018983364e-05
2.575002145022154e-05
2.3333239369094372e-05
2.3250002413988113e-05
2.26249685510993e-05
2.745829988270998e-05
5.062494892627001e-05
2.737506292760372e-05
3.9041624404489994e-05
2.737506292760372e-05
2.575002145022154e-05
2.29167053475976e-05
2.2833351977169514e-05
2.29167053475976e-05
5.425000563263893e-05
2.8250040486454964e-05
2.3875036276876926e-05
2.3166649043560028e-05
0.00021674996241927147
1.8708291463553905e-05
1.779163721948862e-05
1.733331009745598e-05
1.708336640149355e-05
2.5250017642974854e-05
4.225003067404032e-05
2.7833273634314537e-05
2.4458393454551697e-05
2.3708329536020756e-05
2.3124972358345985e-05
2.2916588932275772e-05
5.508330650627613e-05
4.0500075556337833e-05
7.01249809935689e-05
6.108335219323635e-05
3.4458236768841743e-05
2.5541638024151325e-05
2.4416716769337654e-05
4.6458328142762184e-05
2.445827703922987e-05
2.4999957531690598e-05
2.887495793402195e-05
9.595835581421852e-05
2.0000035874545574e-05
2.391671296209097e-05
2.350006252527237e-05
2.2875028662383556e-05
2.29167053475976e-05
2.337503246963024e-05
2.274999860674143e-05
2.29167053475976e-05
2.3041735403239727e-05
2.2708321921527386e-05
2.637505531311035e-05
3.5499921068549156e-05
2.3791566491127014e-05
2.33333557844162e-05
2.3666652850806713e-05
2.3000058718025684e-05
2.3166649043560028e-05
2.320832572877407e-05
5.083333235234022e-05
2.987496554851532e-05
2.5250017642974854e-05
2.3708329536020756e-05
6.045831833034754e-05

(async, average, 1 queens) Done in an average of 3.159458283334971e-05 seconds.

Running BenchApp.NQueens:runAsync with 2 queen(s) and 110 iteration(s).

0.00020691670943051577
0.00016841664910316467
7.720827125012875e-05
8.495838847011328e-05
7.370836101472378e-05
8.958333637565374e-05
4.850002005696297e-05
4.604156129062176e-05
4.858337342739105e-05
8.362496737390757e-05
6.920832674950361e-05
7.070833817124367e-05
6.358337122946978e-05
7.145828567445278e-05
5.4166652262210846e-05
6.279163062572479e-05
4.695833195000887e-05
4.466669633984566e-05
6.358337122946978e-05
5.53749268874526e-05
5.83333894610405e-05
6.933335680514574e-05
6.716663483530283e-05
4.579161759465933e-05
6.799993570894003e-05
5.2749994210898876e-05
4.75000124424696e-05
6.3000014051795e-05
6.0999998822808266e-05
7.804168853908777e-05
6.349990144371986e-05
7.275003008544445e-05
5.995831452310085e-05
5.725002847611904e-05
6.429164204746485e-05
4.470825660973787e-05
6.820831913501024e-05
5.5583310313522816e-05
6.0666585341095924e-05
6.60833902657032e-05
8.162506856024265e-05
4.67916252091527e-05
3.841659054160118e-05
4.270824138075113e-05
5.500006955116987e-05
4.779163282364607e-05
5.2333343774080276e-05
6.125005893409252e-05
4.695833195000887e-05
5.6875054724514484e-05
5.808332934975624e-05
5.254172720015049e-05
4.5583234168589115e-05
4.466669633984566e-05
7.299997378140688e-05
4.616670776158571e-05
6.270827725529671e-05
4.6916655264794827e-05
4.5791734009981155e-05
6.279163062572479e-05
5.9166690334677696e-05
3.550003748387098e-05
4.433339927345514e-05
3.537489101290703e-05
3.408337943255901e-05
5.0166621804237366e-05
3.599992487579584e-05
3.574998117983341e-05
4.216667730361223e-05
3.8208323530852795e-05
4.51250234618783e-05
4.145840648561716e-05
4.8625050112605095e-05
5.279167089611292e-05
4.4458312913775444e-05
4.5208376832306385e-05
6.200000643730164e-05
3.8041616789996624e-05
4.3791718780994415e-05
5.250005051493645e-05
3.6208308301866055e-05
3.5958364605903625e-05
6.833334919065237e-05
4.9875001423060894e-05
5.012494511902332e-05
4.862493369728327e-05
4.991667810827494e-05
4.658335819840431e-05
5.566678009927273e-05
6.004166789352894e-05
6.474996916949749e-05
5.670823156833649e-05
6.158323958516121e-05
3.6208308301866055e-05
6.883335299789906e-05
4.329171497374773e-05
3.970833495259285e-05
3.7083402276039124e-05
5.504162982106209e-05
4.67916252091527e-05
5.5583310313522816e-05
5.6291697546839714e-05
3.587501123547554e-05
6.204168312251568e-05
5.362497176975012e-05
4.583329427987337e-05
3.9874925278127193e-05
4.333339165896177e-05
3.6666751839220524e-05
4.137493669986725e-05

(async, average, 2 queens) Done in an average of 5.260999663732946e-05 seconds.

Running BenchApp.NQueens:runAsync with 3 queen(s) and 110 iteration(s).

9.395834058523178e-05
0.00010025000665336847
6.62083039060235e-05
7.34167406335473e-05
7.562502287328243e-05
7.304165046662092e-05
7.25834397599101e-05
6.583333015441895e-05
8.30416101962328e-05
8.966668974608183e-05
9.749992750585079e-05
9.391666390001774e-05
7.654167711734772e-05
7.537496276199818e-05
6.441667210310698e-05
7.650000043213367e-05
7.495831232517958e-05
9.991670958697796e-05
8.320831693708897e-05
9.10833477973938e-05
0.00012008333578705788
7.629173342138529e-05
7.974996697157621e-05
9.445834439247847e-05
9.804172441363335e-05
9.854172822088003e-05
0.00010670826304703951
9.854172822088003e-05
0.00010599999222904444
0.0001015000743791461
0.0001015000743791461
9.737501386553049e-05
6.808328907936811e-05
9.162502828985453e-05
7.129169534891844e-05
6.429164204746485e-05
0.00010141672100871801
0.00010070833377540112
0.00010041671339422464
0.00011795829050242901
0.0001113333273679018
7.099995855242014e-05
9.81249613687396e-05
4.900002386420965e-05
7.254176307469606e-05
0.00010454165749251842
5.820835940539837e-05
6.145832594484091e-05
7.162499241530895e-05
8.775002788752317e-05
5.76250022277236e-05
0.00015750003512948751
9.262491948902607e-05
8.004170376807451e-05
8.600007276982069e-05
7.183337584137917e-05
7.175002247095108e-05
6.754172500222921e-05
8.245836943387985e-05
8.754164446145296e-05
8.183333557099104e-05
6.787502206861973e-05
8.349993731826544e-05
6.791669875383377e-05
7.120834197849035e-05
7.033324800431728e-05
9.470840450376272e-05
6.250001024454832e-05
5.454174242913723e-05
8.529156912118196e-05
9.070837404578924e-05
6.824999582022429e-05
8.404161781072617e-05
7.391662802547216e-05
6.841670256108046e-05
8.379167411476374e-05
6.612495053559542e-05
6.862496957182884e-05
0.00011733337305486202
8.929171599447727e-05
6.954174023121595e-05
6.92916801199317e-05
6.895826663821936e-05
6.70416047796607e-05
8.824991527944803e-05
7.937510963529348e-05
9.125005453824997e-05
9.791669435799122e-05
8.616666309535503e-05
6.34166644886136e-05
6.57916534692049e-05
6.550003308802843e-05
6.81666424497962e-05
8.95416596904397e-05
7.295829709619284e-05
8.441659156233072e-05
6.695825140923262e-05
8.320831693708897e-05
8.054159115999937e-05
9.63748898357153e-05
6.754160858690739e-05
9.137496817857027e-05
8.770835120230913e-05
6.66249543428421e-05
6.945827044546604e-05
6.799993570894003e-05
8.358329068869352e-05
7.079169154167175e-05
7.037504110485315e-05
7.199996616691351e-05

(async, average, 3 queens) Done in an average of 8.220833260565996e-05 seconds.

Running BenchApp.NQueens:runAsync with 4 queen(s) and 110 iteration(s).

0.00017499993555247784
0.0001795833231881261
0.00020587502513080835
0.0003587499959394336
0.0002519999397918582
0.0001762916799634695
0.0002016667276620865
0.00021308334544301033
0.00020320829935371876
0.00018462503794580698
0.00018429162446409464
0.00019095838069915771
0.00019325001630932093
0.00016250007320195436
0.00019712490029633045
0.00020458328071981668
0.0002082916907966137
0.0002003334229812026
0.00017970835324376822
0.00019591674208641052
0.0001705000177025795
0.0001570832682773471
0.0001494167372584343
0.00023083342239260674
0.00023258337751030922
0.00018037506379187107
0.00020033330656588078
0.00014412496238946915
0.000163583317771554
0.00015116669237613678
0.00015204166993498802
0.00013833330012857914
0.00016158330254256725
0.0001560417003929615
0.00020549993496388197
0.0001788749359548092
0.00020537502132356167
0.0002312499564141035
0.00023708329536020756
0.0002044999273493886
0.00015091663226485252
0.000138208270072937
0.0001444583758711815
0.00015683332458138466
0.00016170833259820938
0.00012750003952533007
0.00015133328270167112
0.00017137499526143074
0.00016095826867967844
0.00014999997802078724
0.00015941669698804617
0.00015362503472715616
0.00017233332619071007
0.00014891661703586578
0.00014741660561412573
0.0001494167372584343
0.00016329169739037752
0.00016312499064952135
0.0001842499477788806
0.00016258331015706062
0.0001746250782161951
0.00015774997882544994
0.00016608333680778742
0.00019658333621919155
0.00016729161143302917
0.00017374998424202204
0.00014050002209842205
0.00017479166854172945
0.00014962500426918268
0.00014050002209842205
0.0001411667326465249
0.00015870830975472927
0.00015216669999063015
0.00015570828691124916
0.0001545000122860074
0.00016199995297938585
0.0002013749908655882
0.0001778333680704236
0.00014600006397813559
0.00013987510465085506
0.00015304156113415956
0.00015249999705702066
0.00018262502271682024
0.00015524995978921652
0.0001409583492204547
0.00014800007920712233
0.00017479166854172945
0.00015691667795181274
0.00015208334662020206
0.00015454168897122145
0.00017591670621186495
0.00017274997662752867
0.00017666665371507406
0.00015466660261154175
0.0001518332865089178
0.0001534583279863
0.00018245831597596407
0.00018049997743219137
0.00011787505354732275
0.00015249999705702066
0.00015954161062836647
0.00012854160740971565
0.0001605834113433957
0.00013316667173057795
0.0001253749942407012
0.00013958325143903494
0.00014249992091208696
0.0001563334371894598
0.0001152500044554472
0.00011374999303370714

(async, average, 4 queens) Done in an average of 0.00016479999874718487 seconds.

Running BenchApp.NQueens:runAsync with 5 queen(s) and 110 iteration(s).

0.0003140832995995879
0.0003366665914654732
0.0003362916177138686
0.0003327499143779278
0.00033508334308862686
0.00035087496507912874
0.0003200416686013341
0.0002853333717212081
0.00033641664776951075
0.0007258750265464187
0.00037670833989977837
0.00035045831464231014
0.0003890000516548753
0.0006632499862462282
0.00032720831222832203
0.00033395830541849136
0.00030937499832361937
0.0003426666371524334
0.0003350416664034128
0.0007158750668168068
0.00032174994703382254
0.0003434583777561784
0.0003888333449140191
0.00033720838837325573
0.0003377917455509305
0.00035787501838058233
0.0003290416207164526
0.0005912083433941007
0.0003010000800713897
0.0003217083867639303
0.0002976666437461972
0.0006346666486933827
0.00028674991335719824
0.0005875832866877317
0.0002900833496823907
0.00030170835088938475
0.0003168749390169978
0.0003073749830946326
0.0003090833779424429
0.00029087497387081385
0.00030129170045256615
0.0002657083095982671
0.0006531666731461883
0.00032454170286655426
0.0002856666687875986
0.00033454166259616613
0.0005998749984428287
0.0002907082671299577
0.0002971249632537365
0.0002752499422058463
0.0006512916879728436
0.0002837083302438259
0.00030416669324040413
0.00032483332324773073
0.00030841666739434004
0.00027662492357194424
0.0003249166766181588
0.00028445839416235685
0.00027279171627014875
0.0003136250888928771
0.0002778333146125078
0.00027270824648439884
0.0005439167143777013
0.00029004167299717665
0.00030870840419083834
0.0002896666992455721
0.00028208328876644373
0.00028112507425248623
0.0002668333472684026
0.0003208750858902931
0.000264208298176527
0.00026608328334987164
0.0002591249067336321
0.0002655833959579468
0.00026354158762842417
0.0005453333724290133
0.000272250035777688
0.00030049995984882116
0.0002689582761377096
0.0002515417290851474
0.0002652083057910204
0.00025695841759443283
0.00026741670444607735
0.00025029166135936975
0.00023325008805841208
0.0005253750132396817
0.0002667499938979745
0.00025329168420284986
0.00025070831179618835
0.000266458373516798
0.00025966670364141464
0.00041912496089935303
0.0004942916566506028
0.0002339166821911931
0.00026545836590230465
0.0002538333646953106
0.0004932082956656814
0.00025266665033996105
0.0002785415854305029
0.00028725003357976675
0.0004973749164491892
0.00023574999067932367
0.000243291724473238
0.00022458331659436226
0.0002542500151321292
0.0002630417002364993
0.00025275000371038914
0.00022137491032481194
0.00024758337531238794
0.00024233339354395866

(async, average, 5 queens) Done in an average of 0.0003321570868138224 seconds.

Running BenchApp.NQueens:runAsync with 6 queen(s) and 110 iteration(s).

0.0007053333101794124
0.0007219165563583374
0.0006981666665524244
0.001061208313331008
0.0010009583784267306
0.0007378750015050173
0.0007055000169202685
0.0007372082909569144
0.000688416650518775
0.0006653332384303212
0.0006793333450332284
0.000670416746288538
0.0006792916683480144
0.0010153333423659205
0.0006845416501164436
0.0006974999560043216
0.000702916644513607
0.001041750074364245
0.0007440000772476196
0.0009752917103469372
0.0006852499209344387
0.000685583334416151
0.0010175000643357635
0.0006741250399500132
0.0006702917162328959
0.000689916661940515
0.000700833392329514
0.0010217915987595916
0.0006861250149086118
0.0006842082366347313
0.001032250002026558
0.0006816666573286057
0.0010293748928233981
0.0007606666767969728
0.0010234999936074018
0.0006946249632164836
0.0008507916936650872
0.0006637501064687967
0.0006864166352897882
0.0006701666861772537
0.0007091666338965297
0.0006773750064894557
0.0006877082632854581
0.0006895833648741245
0.0006866666954010725
0.0010207082377746701
0.0010229583131149411
0.0007120417430996895
0.000988208339549601
0.0007163333939388394
0.0010201666736975312
0.001003375044092536
0.0006927083013579249
0.0006862083682790399
0.0006847917102277279
0.0006949583766981959
0.0006662083324044943
0.0007617082446813583
0.000984416576102376
0.0007105832919478416
0.0009460416622459888
0.0006924582412466407
0.0006907916394993663
0.0006603749934583902
0.000676833325996995
0.0006945832865312696
0.0006852499209344387
0.0010110416915267706
0.0006853332743048668
0.001035250024870038
0.0007060833740979433
0.0006698333891108632
0.000673916656523943
0.000692166737280786
0.0006900833686813712
0.0010173333575949073
0.0010842500487342477
0.0007032916182652116
0.000704374979250133
0.0010336250998079777
0.0006594166625291109
0.0006747499573975801
0.0006829999620094895
0.0006693750619888306
0.0006879166467115283
0.0006897916318848729
0.0006591667188331485
0.0007009166292846203
0.0010137916542589664
0.0010454583680257201
0.0006922082975506783
0.0006587500683963299
0.0006885833572596312
0.0010673333890736103
0.000704374979250133
0.0010137916542589664
0.0008645834168419242
0.000689833308570087
0.0006847915938124061
0.0006546666845679283
0.00068920839112252
0.0006856248946860433
0.0006685416446998715
0.0007035416783764958
0.0006825833115726709
0.0010437084129080176
0.0006530416430905461
0.0006938333390280604
0.0010507915867492557
0.0010651666671037674

(async, average, 6 queens) Done in an average of 0.0007820654171518982 seconds.

Running BenchApp.NQueens:runAsync with 7 queen(s) and 110 iteration(s).

0.00256824993994087
0.0026283334009349346
0.002477375091984868
0.0025470000691711903
0.002799291629344225
0.0027178333839401603
0.0026992916828021407
0.002793374937027693
0.0027187083614990115
0.00270004163030535
0.002776208333671093
0.0024892499204725027
0.0025368332862854004
0.002748750033788383
0.002657416625879705
0.002484375028871
0.002506166696548462
0.0027296250918880105
0.0027347083669155836
0.0025600834051147103
0.0027244999073445797
0.0027359999949112535
0.0026613749796524644
0.002489541657269001
0.0026064999401569366
0.002671291586011648
0.0026732917176559567
0.00257854163646698
0.0025667917216196656
0.0026954582426697016
0.0026570833288133144
0.0025297499960288405
0.0027012500213459134
0.002683500060811639
0.0025251249317079782
0.0027478333795443177
0.002666041604243219
0.0026569166220724583
0.002758874907158315
0.0027086667250841856
0.0027033333899453282
0.002547416719608009
0.0025942500215023756
0.002771708299405873
0.0026797499740496278
0.002721874974668026
0.0026905833510681987
0.0026752499397844076
0.0025318750413134694
0.002641625003889203
0.0025399166624993086
0.0025470834225416183
0.002681416575796902
0.0027569166850298643
0.0027358332881703973
0.002686416730284691
0.002897791680879891
0.002943999948911369
0.0024768334114924073
0.0025289165787398815
0.0024920832365751266
0.002621124964207411
0.0024892083602026105
0.0027613749261945486
0.002805208438076079
0.0027178333839401603
0.002700916724279523
0.0026789583498612046
0.0026028334395959973
0.0027527916245162487
0.002643083338625729
0.0025100833736360073
0.002742916578426957
0.002733333269134164
0.00272620830219239
0.002796374959871173
0.0026223333552479744
0.0025202917167916894
0.0027207917300984263
0.0028190832817927003
0.0027505416655912995
0.0026208333438262343
0.002763333381153643
0.0026660000439733267
0.0025224583223462105
0.0026955833891406655
0.00254100002348423
0.0027339583029970527
0.0025297499960288405
0.0026660417206585407
0.0026129999896511436
0.002609041635878384
0.0026939166709780693
0.002524208393879235
0.0026912083849310875
0.002605208312161267
0.002487416728399694
0.002485166769474745
0.002536666695959866
0.002669124980457127
0.0027352499309927225
0.0025030833203345537
0.0025085415691137314
0.0025375416735187173
0.0028027083026245236
0.0026088333688676357
0.0025407084031030536
0.002512624952942133
0.0028112083673477173
0.0027383749838918447

(async, average, 7 queens) Done in an average of 0.0026477470842655748 seconds.

Running BenchApp.NQueens:runAsync with 8 queen(s) and 110 iteration(s).

0.011177916661836207
0.010978500009514391
0.010934958350844681
0.01100808335468173
0.01121795829385519
0.010975458309985697
0.010933333309367299
0.011143041658215225
0.011119541595689952
0.011177583364769816
0.011276875040493906
0.011072208289988339
0.0110254583414644
0.011253083241172135
0.011089458363130689
0.011399708222597837
0.011256916681304574
0.01124045834876597
0.011595458374358714
0.011311333277262747
0.011188708245754242
0.013798374915495515
0.011981124989688396
0.011375708389095962
0.011339583434164524
0.011270875111222267
0.011483125039376318
0.01151412504259497
0.011177750071510673
0.011450166697613895
0.011108416598290205
0.011256624944508076
0.011268916656263173
0.011302291648462415
0.011335083283483982
0.011123083415441215
0.011626583407633007
0.011453749961219728
0.011308624991215765
0.011463375063613057
0.01150308339856565
0.011238041683100164
0.011333500035107136
0.011422499897889793
0.011298333294689655
0.011450166697613895
0.011220499989576638
0.01151037507224828
0.011526083340868354
0.011519000050611794
0.011865208391100168
0.011428375029936433
0.011307333246804774
0.011285166605375707
0.011448750039562583
0.011359625030308962
0.011445833370089531
0.011364500038325787
0.011504624970257282
0.011453374987468123
0.011522041750140488
0.0114677082747221
0.011426458368077874
0.01146491663530469
0.011571166687645018
0.011617708369158208
0.011480583343654871
0.011643333360552788
0.011736041633412242
0.011953374953009188
0.011923124897293746
0.011688541620969772
0.011592875001952052
0.011494333273731172
0.0114967500558123
0.011704208329319954
0.011676916619762778
0.011535958386957645
0.011632375069893897
0.011778208310715854
0.011781374923884869
0.01167683326639235
0.011466833297163248
0.011496791732497513
0.011452208389528096
0.011521041626110673
0.01187908323481679
0.011572458315640688
0.012016708264127374
0.011713875108398497
0.011993416701443493
0.011722458293661475
0.011655791662633419
0.01146149996202439
0.01156133331824094
0.011561125051230192
0.011673875036649406
0.011467374977655709
0.011546458350494504
0.011840875027701259
0.011460999958217144
0.011737583321519196
0.011652833316475153
0.011644916608929634
0.011981499963440001
0.011827666661702096
0.011516458354890347
0.012051708297803998
0.013758374960161746
0.012331708334386349

(async, average, 8 queens) Done in an average of 0.011562634165165946 seconds.

Running BenchApp.NQueens:runAsync with 9 queen(s) and 110 iteration(s).

0.057625874993391335
0.05528641666751355
0.05503212509211153
0.05536312493495643
0.055079958285205066
0.05496612493880093
0.0553452082676813
0.05521020828746259
0.055184500059112906
0.058158208266831934
0.055491208331659436
0.05788833333645016
0.05575937498360872
0.05532416666392237
0.0554924167227
0.06051558325998485
0.05578924994915724
0.05926979170180857
0.055369166657328606
0.057620833395048976
0.05564049992244691
0.057726666680537164
0.05661674996372312
0.05607858335133642
0.056176125071942806
0.05873166664969176
0.05756104167085141
0.05776533333119005
0.05680424999445677
0.059046666719950736
0.0567447500070557
0.059296541614457965
0.056724875001236796
0.05762225005310029
0.06161199999041855
0.059279791661538184
0.05703266675118357
0.05934745830018073
0.05751954158768058
0.06076533324085176
0.057514791609719396
0.05759683332871646
0.05823662504553795
0.05718912510201335
0.06100787501782179
0.05790570832323283
0.058073708321899176
0.058007625048048794
0.06071104167494923
0.05782979167997837
0.06267741660121828
0.06251249997876585
0.058402291615493596
0.05808295833412558
0.05854075006209314
0.06052325002383441
0.058543416671454906
0.05874224996659905
0.05838112498167902
0.05901566660031676
0.06080679164733738
0.059209875063970685
0.06381504167802632
0.05900283332448453
0.06043183337897062
0.0617717084242031
0.05879291659221053
0.06070837506558746
0.06359341670759022
0.05885358329396695
0.06055783329065889
0.06176341662649065
0.0590205832850188
0.05991125002037734
0.062321833334863186
0.059311333345249295
0.059882499976083636
0.05979870830196887
0.061751666595228016
0.05977325001731515
0.05994387506507337
0.06176554167177528
0.06015066662803292
0.05937591660767794
0.06474487506784499
0.06111945828888565
0.059610083349980414
0.05965483339969069
0.06034208333585411
0.05955158325377852
0.06315187504515052
0.06006270833313465
0.062151124933734536
0.060089541715569794
0.06044554163236171
0.060170833254233
0.06074795837048441
0.06014175002928823
0.062479791697114706
0.06060412502847612
0.06470800004899502
0.06733254168648273
0.060872708330862224
0.06269550009164959
0.06023199995979667
0.06320041662547737
0.06036812509410083
0.06016479164827615
0.060140291578136384
0.06365604174789041

(async, average, 9 queens) Done in an average of 0.059568610000424085 seconds.

Running BenchApp.NQueens:runAsync with 10 queen(s) and 110 iteration(s).

0.31865066662430763
0.3231869583250955
0.3167529166676104
0.31826700002420694
0.3264502916717902
0.3207201666664332
0.3240015417104587
0.3260303750867024
0.3213147083297372
0.3237579583656043
0.3329420416848734
0.32344750000629574
0.33054350002203137
0.33085999998729676
0.3276396667351946
0.32384629163425416
0.33162616670597345
0.32943641662131995
0.3268851249013096
0.3402711666421965
0.32822616666089743
0.33200400008354336
0.335341791738756
0.33347141672857106
0.3357252082787454
0.33646720834076405
0.3381711667170748
0.33726295840460807
0.3444521666970104
0.33350979175884277
0.33535833342466503
0.34332104166969657
0.34099766658619046
0.3387437084456906
0.3464563332963735
0.33856729161925614
0.3385993333067745
0.35186379170045257
0.3432376666460186
0.3367020000005141
0.34965779166668653
0.33989283337723464
0.3432132500456646
0.34727383335120976
0.3412975416285917
0.34355141676496714
0.3429327083285898
0.3445785000221804
0.34409712499473244
0.34842504165135324
0.34505970834288746
0.34532037505414337
0.351780749973841
0.3442744583589956
0.34272437496110797
0.3554733332712203
0.3489109999500215
0.3647684167372063
0.3837304166518152
0.3667566666845232
0.35345183324534446
0.3487454167334363
0.34865054162219167
0.3623002084204927
0.3499782916624099
0.3528921667020768
0.3559382916428149
0.3480687499977648
0.3531447083223611
0.355717416619882
0.3593072083313018
0.3519889583112672
0.3503324582707137
0.34951775008812547
0.35740629164502025
0.3499177499907091
0.35446666670031846
0.3583117499947548
0.35434583330061287
0.3519991666544229
0.35677429172210395
0.35229533340316266
0.35573062498588115
0.35585625004023314
0.35591179167386144
0.3538646249799058
0.3554978750180453
0.3488569166511297
0.3570724999299273
0.35131462500430644
0.3558486249530688
0.36214495834428817
0.3524829166708514
0.3537169999908656
0.35528191667981446
0.3543902082601562
0.35395150003023446
0.3593596665887162
0.3535642917267978
0.3576321667060256
0.35915874992497265
0.35767962504178286
0.36240049998741597
0.3617398333735764
0.3579290834022686
0.3704069999512285
0.35534737491980195
0.3577867499552667
0.36232379160355777
0.35963341663591564

(async, average, 10 queens) Done in an average of 0.34832132125273346 seconds.

Running BenchApp.NQueens:runAsync with 11 queen(s) and 110 iteration(s).

1.9678942916216329
1.9419427500106394
1.9363326666643843
1.9422110833693296
1.9447957500815392
1.9578616250073537
1.9651074167340994
1.9596610832959414
1.9691505000228062
1.9908974999561906
1.9591845833929256
1.9799919583601877
2.03687904169783
2.075297125033103
2.098158083274029
2.143791791750118
2.15380945825018
2.1673300833208486
2.1807750000152737
2.1933820417616516
2.1735113749746233
2.243580083362758
2.236093958374113
2.2424406250938773
2.246179625042714
2.2462445417186245
2.2618011666927487
2.2740463332738727
2.2690949583193287
2.2790593333775178
2.2782529583200812
2.303041541716084
2.2866372916614637
2.3088686250848696
2.315727833309211
2.3118694166187197
2.310487375012599
2.3295205832691863
2.308874500100501
2.3063983333995566
2.3115366249112412
2.325446791597642
2.3295134583022445
2.355769208399579
2.3338943750131875
2.3416024582693353
2.3391257083276287
2.344055625027977
2.3287094166735187
2.342094708350487
2.3303414583206177
2.3424275416182354
2.3399378749309108
2.3288616667268798
2.3237956665689126
2.356022624997422
2.338055875035934
2.33570387493819
2.3343909583054483
2.330018458305858
2.3431244583334774
2.3330741666723043
2.3304905833210796
2.330909541575238
2.3485997916432098
2.3397052083164454
2.3368269166676328
2.3333858749829233
2.34510837495327
2.3405030000722036
2.346373708336614
2.3326402083039284
2.337990874890238
2.3485957499360666
2.3336725833360106
2.328655166667886
2.3734393749618903
2.3453230833401904
2.334214000031352
2.353115083416924
2.3406745416577905
2.3448884999379516
2.354534333338961
2.372256666654721
2.358867916627787
2.3645256250165403
2.3484740001149476
2.375542000052519
2.369422791642137
2.363639874965884
2.3631051250267774
2.389653249992989
2.364894708385691
2.3827495833393186
2.3694153333781287
2.3652590833371505
2.3653429999249056
2.366797958384268
2.3812939167255536
2.379141875077039
2.3746740833157673
2.390627749962732
2.394166291691363
2.3683901666663587
2.365733375074342
2.3647905833786353
2.362926499918103
2.397554458351806
2.547039791708812
2.4411586666246876

(async, average, 11 queens) Done in an average of 2.313749235002324 seconds.

Running BenchApp.NQueens:runAsync with 12 queen(s) and 110 iteration(s).

14.748652749927714
14.03016758337617
14.330295499996282
14.653005958301947
14.739258125075139
15.056140458327718
15.223003666615114
15.518323208321817
15.567258541588672
15.772015874972567
15.854932708316483
16.054648000048473
16.20346633333247
16.167012166697532
16.13960637501441
16.283999458304606
16.231484291609377
16.305711208377033
16.38848633330781
16.44080045830924
16.40558895841241
16.625259374966845
16.571037333342247
16.770210291724652
16.779746166663244
17.00403287494555
17.06697608344257
17.12205754162278
17.077271374990232
17.26813620829489
17.338794083334506
17.31540883332491
17.254891083342955
17.29699316667393
17.262749666697346
17.321233458351344
17.316131375031546
17.11440674995538
17.071959833265282
17.02986474998761
16.889741208287887
16.601350708398968
16.624960916582495
16.4374008749146
16.456883416627534
16.530190583318472
16.68507504160516
17.036691291606985
17.223668083315715
17.531637291656807
17.75764291663654
17.863054458401166
17.82620783324819
17.793120416696183
17.825087249977514
17.82488254166674
17.914535291609354
18.11550529161468
18.106996624963358
18.139451875002123
18.090534041635692
18.09919787500985
18.08108312508557
18.14760308340192
18.117038291646168
18.107931833365
18.159676583250985
18.452104958356358
18.42260370834265
18.413570374948904
18.47461383335758
18.507892500027083
18.47292712505441
18.325280166696757
18.3199135416653
18.168620333308354
18.405345958424732
18.41886683332268
18.417838416644372
18.419694541720673
18.404026583302766
18.41732054168824
18.463510499917902
18.1852529583266
18.120868458296172
18.12261100008618
18.33126108336728
18.472803833312355
18.31873645831365
18.19035512499977
18.415038083330728
18.454641291638836
18.410378458327614
18.417989250039682
18.456930833286606
18.726990666706115
18.742328874999657
18.783416750025935
18.701987583306618
18.483418916584924
18.395283208345063
18.52641041658353
18.600658499985002
19.13849062495865
18.769787749974057
18.74844016658608
18.777691708295606
18.84732745832298
18.74964099994395
18.65941283327993

(async, average, 12 queens) Done in an average of 17.721223284992156 seconds.

Benchmark done
