Pressed 'Run benchmark'
About to run 'Swift concurrency'-version of NQueens with batch mode: true
Running BenchApp.NQueens:runAsync with 1 queen(s) and 110 iteration(s).

0.00022945832461118698
2.2125081159174442e-05
1.8000020645558834e-05
1.4583347365260124e-05
1.550000160932541e-05
9.458279237151146e-06
1.0916613973677158e-05
1.8499908037483692e-05
9.208335541188717e-06
8.708331733942032e-06
8.749892003834248e-06
1.3749930076301098e-05
1.408334355801344e-05
1.4125020243227482e-05
1.733331009745598e-05
1.3833283446729183e-05
1.6208388842642307e-05
1.383339986205101e-05
1.379160676151514e-05
1.3333396054804325e-05
5.966669414192438e-05
1.733331009745598e-05
1.4125020243227482e-05
1.654168590903282e-05
1.4499993994832039e-05
3.275007475167513e-05
2.320832572877407e-05
1.566670835018158e-05
9.708339348435402e-06
1.6291742213070393e-05
1.3833283446729183e-05
1.591665204614401e-05
1.5708268620073795e-05
1.3833283446729183e-05
1.4333287253975868e-05
2.3250002413988113e-05
2.0000035874545574e-05
3.133330028504133e-05
1.7291633412241936e-05
1.3875076547265053e-05
1.3833283446729183e-05
1.420825719833374e-05
1.4124903827905655e-05
1.3499986380338669e-05
1.3833283446729183e-05
1.3458309695124626e-05
1.3499986380338669e-05
1.3708369806408882e-05
1.4416640624403954e-05
2.3416709154844284e-05
4.583329427987337e-05
1.750001683831215e-05
1.3708253391087055e-05
1.3541663065552711e-05
1.3625016435980797e-05
9.166658855974674e-06
1.3750046491622925e-05
1.3874960131943226e-05
1.3833283446729183e-05
1.3708369806408882e-05
1.4499993994832039e-05
1.3750046491622925e-05
3.245833795517683e-05
1.1999974958598614e-05
1.3541663065552711e-05
1.5708385035395622e-05
1.5666591934859753e-05
1.4999997802078724e-05
9.541632607579231e-06
1.5291618183255196e-05
1.3499986380338669e-05
1.3583339750766754e-05
1.8541701138019562e-05
1.3791723176836967e-05
1.362490002065897e-05
1.650000922381878e-05
1.3749930076301098e-05
2.620834857225418e-05
1.4958321116864681e-05
1.420825719833374e-05
1.820828765630722e-05
2.0583393052220345e-05
1.7041689716279507e-05
1.4249933883547783e-05
1.4166696928441525e-05
1.408334355801344e-05
9.25001222640276e-06
1.4958437532186508e-05
3.3791642636060715e-05
1.8541701138019562e-05
1.4500110410153866e-05
1.5625031664967537e-05
1.462490763515234e-05
1.3875076547265053e-05
1.300009898841381e-05
1.3583339750766754e-05
1.3750046491622925e-05
2.6291701942682266e-05
1.7708400264382362e-05
1.4708377420902252e-05
1.4041666872799397e-05
1.591665204614401e-05
1.2958305887877941e-05
1.4291726984083652e-05
1.366669312119484e-05
1.3458309695124626e-05
1.9749975763261318e-05
3.5958364605903625e-05
2.033333294093609e-05
1.5750061720609665e-05

(async, average, 1 queens) Done in an average of 1.679541659541428e-05 seconds.

Running BenchApp.NQueens:runAsync with 2 queen(s) and 110 iteration(s).

7.225002627819777e-05
2.295838203281164e-05
3.825000021606684e-05
3.3499905839562416e-05
3.104167990386486e-05
3.0250055715441704e-05
3.079173620790243e-05
3.23333078995347e-05
3.445835318416357e-05
4.329171497374773e-05
4.170835018157959e-05
2.845830749720335e-05
2.662499900907278e-05
3.524997737258673e-05
2.3166765458881855e-05
3.0833412893116474e-05
4.337495192885399e-05
2.6333262212574482e-05
2.904166467487812e-05
3.5624951124191284e-05
2.3000058718025684e-05
2.2708321921527386e-05
2.0833336748182774e-05
2.2625084966421127e-05
2.133334055542946e-05
2.3166649043560028e-05
1.850002445280552e-05
3.8041616789996624e-05
2.9125018045306206e-05
2.4541630409657955e-05
3.700004890561104e-05
2.804165706038475e-05
2.2500054910779e-05
3.941659815609455e-05
2.3291679099202156e-05
3.495824057608843e-05
3.1208270229399204e-05
2.9999995604157448e-05
2.916669473052025e-05
2.1875021047890186e-05
3.545836079865694e-05
3.4916563890874386e-05
2.4583423510193825e-05
2.3958273231983185e-05
4.44166362285614e-05
3.170827403664589e-05
2.3916596546769142e-05
2.2708321921527386e-05
4.7749956138432026e-05
3.4541706554591656e-05
2.745829988270998e-05
2.362497616559267e-05
2.1249987185001373e-05
2.6541762053966522e-05
2.4541746824979782e-05
2.5291694328188896e-05
3.104167990386486e-05
2.1416693925857544e-05
2.6124995201826096e-05
2.7666566893458366e-05
2.1541607566177845e-05
2.662499900907278e-05
4.329171497374773e-05
5.337502807378769e-05
3.916665446013212e-05
3.574998117983341e-05
3.587501123547554e-05
3.66666354238987e-05
1.8749968148767948e-05
2.420833334326744e-05
3.58333345502615e-05
2.8999987989664078e-05
2.2999942302703857e-05
2.1291663870215416e-05
2.2249994799494743e-05
4.9458350986242294e-05
2.504163421690464e-05
4.283327143639326e-05
4.024989902973175e-05
2.4416600354015827e-05
1.691665966063738e-05
1.654168590903282e-05
1.637497916817665e-05
1.650000922381878e-05
1.6625039279460907e-05
2.266676165163517e-05
2.0041712559759617e-05
2.1166633814573288e-05
1.6625039279460907e-05
1.6583362594246864e-05
2.8666690923273563e-05
4.141672980040312e-05
1.7541693523526192e-05
1.7166719771921635e-05
2.062495332211256e-05
1.891667488962412e-05
2.2249994799494743e-05
2.4833367206156254e-05
2.1708314307034016e-05
3.9125094190239906e-05
1.7375103197991848e-05
2.120831049978733e-05
2.1708314307034016e-05
2.2125081159174442e-05
2.7583329938352108e-05
1.7541693523526192e-05
2.1583400666713715e-05
3.216671757400036e-05
2.3875036276876926e-05
2.1291663870215416e-05

(async, average, 2 queens) Done in an average of 2.7480418793857098e-05 seconds.

Running BenchApp.NQueens:runAsync with 3 queen(s) and 110 iteration(s).

6.599992047995329e-05
7.133325561881065e-05
3.704172559082508e-05
3.591668792068958e-05
4.39999857917428e-05
3.6208308301866055e-05
3.770831972360611e-05
5.158339627087116e-05
3.7499936297535896e-05
4.891667049378157e-05
3.187498077750206e-05
3.8874917663633823e-05
3.474997356534004e-05
4.19167336076498e-05
5.6999968364834785e-05
3.8624973967671394e-05
5.733338184654713e-05
3.333331551402807e-05
3.950006794184446e-05
3.529165405780077e-05
3.6958372220396996e-05
4.3458305299282074e-05
4.770827945321798e-05
3.8958387449383736e-05
8.195824921131134e-05
3.925000783056021e-05
4.466657992452383e-05
5.437503568828106e-05
7.354165427386761e-05
5.141668953001499e-05
8.712499402463436e-05
4.416669253259897e-05
3.8791680708527565e-05
6.420828867703676e-05
7.54999928176403e-05
3.9375037886202335e-05
3.062502946704626e-05
3.216660115867853e-05
2.8958311304450035e-05
3.1208270229399204e-05
3.3374992199242115e-05
2.9666582122445107e-05
2.737506292760372e-05
4.1375053115189075e-05
4.041672218590975e-05
3.766664303839207e-05
5.0458358600735664e-05
2.887495793402195e-05
3.0958326533436775e-05
5.67917013540864e-05
4.4500106014311314e-05
3.883324097841978e-05
4.562491085380316e-05
3.145833034068346e-05
3.5208300687372684e-05
4.495831672102213e-05
3.983336500823498e-05
3.487500362098217e-05
3.30416951328516e-05
3.175006713718176e-05
4.324992187321186e-05
3.416661638766527e-05
3.0416646040976048e-05
4.433339927345514e-05
5.8416626416146755e-05
3.400002606213093e-05
4.187505692243576e-05
4.0624989196658134e-05
3.7083285860717297e-05
3.0250055715441704e-05
3.6208308301866055e-05
3.8958387449383736e-05
4.266668111085892e-05
3.424996975809336e-05
3.445835318416357e-05
3.929168451577425e-05
3.9624981582164764e-05
3.937492147088051e-05
4.1500083170831203e-05
3.45833832398057e-05
3.445835318416357e-05
3.845838364213705e-05
3.075005952268839e-05
3.0208262614905834e-05
3.816664684563875e-05
3.6208308301866055e-05
4.1958410292863846e-05
2.9583345167338848e-05
3.945839125663042e-05
6.12499425187707e-05
4.195829387754202e-05
4.0208338759839535e-05
3.812497016042471e-05
3.333331551402807e-05
3.3916556276381016e-05
3.38749960064888e-05
6.616674363613129e-05
3.129162359982729e-05
3.750005271285772e-05
4.579161759465933e-05
4.237494431436062e-05
3.204168751835823e-05
4.8583257012069225e-05
2.7333269827067852e-05
4.029169213026762e-05
3.374996595084667e-05
3.0541676096618176e-05
4.9458350986242294e-05
3.133330028504133e-05
3.2625044696033e-05

(async, average, 3 queens) Done in an average of 4.0762913413345815e-05 seconds.

Running BenchApp.NQueens:runAsync with 4 queen(s) and 110 iteration(s).

9.920832235366106e-05
7.05416314303875e-05
8.71666707098484e-05
9.670830331742764e-05
9.591667912900448e-05
6.333331111818552e-05
6.187497638165951e-05
5.800009239464998e-05
6.837502587586641e-05
5.9708370827138424e-05
8.245836943387985e-05
5.820824299007654e-05
5.8125006034970284e-05
7.729162462055683e-05
7.324991747736931e-05
5.391670856624842e-05
5.754164885729551e-05
7.46666919440031e-05
9.416660759598017e-05
6.474996916949749e-05
6.72084279358387e-05
6.237498018890619e-05
6.545835640281439e-05
7.654167711734772e-05
6.270839367061853e-05
6.445834878832102e-05
6.69166911393404e-05
7.854169234633446e-05
6.520829629153013e-05
4.8291636630892754e-05
5.245825741440058e-05
6.158335600048304e-05
5.904166027903557e-05
5.2291667088866234e-05
6.666674744337797e-05
6.754160858690739e-05
5.56666636839509e-05
4.8874993808567524e-05
6.550003308802843e-05
5.908333696424961e-05
5.1625072956085205e-05
4.991667810827494e-05
5.787494592368603e-05
5.2749994210898876e-05
6.345834117382765e-05
5.48333628103137e-05
6.287498399615288e-05
5.6458404287695885e-05
6.3000014051795e-05
6.037496495991945e-05
7.237493991851807e-05
4.654168151319027e-05
4.549999721348286e-05
5.908333696424961e-05
5.279167089611292e-05
4.695833195000887e-05
4.349998198449612e-05
6.12499425187707e-05
4.983332473784685e-05
0.00015937502030283213
7.695832755416632e-05
8.529156912118196e-05
8.029164746403694e-05
7.383327465504408e-05
6.520829629153013e-05
7.666659075766802e-05
7.375003769993782e-05
7.795833516865969e-05
6.204156670719385e-05
8.616666309535503e-05
9.26250359043479e-05
8.949998300522566e-05
8.949998300522566e-05
8.966668974608183e-05
8.925003930926323e-05
8.504162542521954e-05
7.20833195373416e-05
9.449990466237068e-05
8.854176849126816e-05
8.816667832434177e-05
8.808332495391369e-05
8.837494533509016e-05
8.866668213158846e-05
8.779158815741539e-05
6.704172119498253e-05
9.320827666670084e-05
0.0001128750154748559
8.725002408027649e-05
0.00010166666470468044
8.437503129243851e-05
6.241665687412024e-05
6.612506695091724e-05
7.375003769993782e-05
7.216667290776968e-05
9.250000584870577e-05
6.183329969644547e-05
6.866664625704288e-05
8.920836262404919e-05
6.65000407025218e-05
7.283338345587254e-05
8.229166269302368e-05
0.0001028749393299222
6.441667210310698e-05
6.654160097241402e-05
0.00010787497740238905
6.845826283097267e-05
7.695832755416632e-05
0.00010170834138989449
6.416661199182272e-05
8.729170076549053e-05

(async, average, 4 queens) Done in an average of 7.236124482005834e-05 seconds.

Running BenchApp.NQueens:runAsync with 5 queen(s) and 110 iteration(s).

0.0001910417340695858
0.0002343333326280117
0.0003855417016893625
0.00022341671865433455
0.0003424582537263632
0.00027808325830847025
0.00020370830316096544
0.0001984999980777502
0.00020133331418037415
0.00019675004296004772
0.00020775001030415297
0.00021316669881343842
0.00021520827431231737
0.00021979166194796562
0.00019633339252322912
0.00034208339639008045
0.00027437496464699507
0.00019308330956846476
0.0002633749973028898
0.00020879169460386038
0.0002899999963119626
0.00023479165975004435
0.00019208330195397139
0.00017274997662752867
0.00015783333219587803
0.00017779157496988773
0.0001892083091661334
0.00015679164789617062
0.00014037499204277992
0.00017795839812606573
0.00018004165031015873
0.00015554169658571482
0.00018712494056671858
0.0001536667114123702
0.0001897083129733801
0.00016624992713332176
0.00015129160601645708
0.00018379173707216978
0.0002429999876767397
0.00024945836048573256
0.00017716665752232075
0.00015962496399879456
0.00018204166553914547
0.00014533335343003273
0.00018858339171856642
0.00016066664829850197
0.00024675007443875074
0.00024541665334254503
0.00018237496260553598
0.00015649991109967232
0.00016795832198113203
0.00016654166392982006
0.00018645834643393755
0.00016950001008808613
0.00023604161106050014
0.00022454163990914822
0.0002107915934175253
0.0002354583702981472
0.00023800006601959467
0.00017191667575389147
0.00020645838230848312
0.00015879166312515736
0.00016145827248692513
0.0001851667184382677
0.00020833336748182774
0.00016737496480345726
0.0001731667434796691
0.00015908328350633383
0.00016870838589966297
0.00016125000547617674
0.0001872499706223607
0.000226583331823349
0.0001879583578556776
0.0001829999964684248
0.00021158333402127028
0.00020062504336237907
0.00021945824846625328
0.00027683330699801445
0.00029012502636760473
0.00017925002612173557
0.00018750003073364496
0.00023254170082509518
0.00019295839592814445
0.00021433329675346613
0.0001657500397413969
0.0001984999980777502
0.0002199583686888218
0.0002622082829475403
0.0002549999626353383
0.00018029159400612116
0.0001272499794140458
0.00019395840354263783
0.00017183332238346338
0.00015195831656455994
0.00020041665993630886
0.00016404164489358664
0.0002405416453257203
0.0002129583153873682
0.00021020835265517235
0.0002130832290276885
0.0001670833444222808
0.0002066666493192315
0.0001876666210591793
0.00027033325750380754
0.00018170836847275496
0.00020154169760644436
0.00015920831356197596
0.00014808331616222858
0.00021266669500619173
0.00018658337648957968

(async, average, 5 queens) Done in an average of 0.00019764374708756806 seconds.

Running BenchApp.NQueens:runAsync with 6 queen(s) and 110 iteration(s).

0.0003995416918769479
0.0005828749854117632
0.0006740415701642632
0.00041804159991443157
0.0006657500052824616
0.0006452084053307772
0.00038783333729952574
0.00041033339221030474
0.00043291668407619
0.0006534999702125788
0.0003883333411067724
0.0006342083215713501
0.0004381666658446193
0.0005865000421181321
0.000424874946475029
0.000577750033698976
0.000378583325073123
0.0005381667288020253
0.0004209582693874836
0.0004000000189989805
0.00043204170651733875
0.0005635833367705345
0.00038558337837457657
0.0003862084122374654
0.0005400000372901559
0.00038670841604471207
0.0005434165941551328
0.0003429583739489317
0.00040662498213350773
0.0004897083854302764
0.0003802500432357192
0.0005580000579357147
0.0004084582906216383
0.0004020832711830735
0.0005683333147317171
0.0003734166966751218
0.00039775006007403135
0.0004934583557769656
0.0003863750025629997
0.000526916584931314
0.0003920416347682476
0.0003551666159182787
0.0003592083230614662
0.00036345841363072395
0.000485791708342731
0.00047608325257897377
0.0003134167054668069
0.00042575004044920206
0.000500250025652349
0.00037108338437974453
0.0004833333659917116
0.00039400008972734213
0.0005460833199322224
0.0003794583026319742
0.0004985416308045387
0.0004232083447277546
0.0004659583792090416
0.00040366663597524166
0.0005096667446196079
0.0003367916215211153
0.00033758324570953846
0.00035758339799940586
0.00048195826821029186
0.0003377082757651806
0.0003144582733511925
0.0003994583385065198
0.00037400005385279655
0.00041099998634308577
0.00042975007090717554
0.00030874996446073055
0.00035191664937883615
0.00034270831383764744
0.00039866671431809664
0.0003270417219027877
0.00047116668429225683
0.0003212917363271117
0.00043083331547677517
0.00030562502797693014
0.00041737500578165054
0.00028775003738701344
0.00041395833250135183
0.0003155000740662217
0.00042295840103179216
0.00031733326613903046
0.0003957499284297228
0.0003696250496432185
0.0003132499987259507
0.00032083329278975725
0.0004244167357683182
0.00040449993684887886
0.0003109999233856797
0.0003342083655297756
0.00027458323165774345
0.00031287502497434616
0.0002527083270251751
0.00025358342099934816
0.0002925833687186241
0.00038495834451168776
0.0003322083503007889
0.00026999996043741703
0.00039870827458798885
0.00030429172329604626
0.0002665417268872261
0.000280916690826416
0.0002966667525470257
0.0002443749690428376
0.0003128333482891321
0.0003722916590049863
0.0002472499618306756
0.00030304165557026863

(async, average, 6 queens) Done in an average of 0.0003939275071024895 seconds.

Running BenchApp.NQueens:runAsync with 7 queen(s) and 110 iteration(s).

0.0008099999977275729
0.001007666694931686
0.0008827500278130174
0.0009834165684878826
0.0008677083533257246
0.0009290416492149234
0.0008724166546016932
0.0009242499945685267
0.0009342083940282464
0.0009544999338686466
0.0009350000182166696
0.0009892083471640944
0.001006916631013155
0.0009706250857561827
0.001049041748046875
0.0010050416458398104
0.0008944167057052255
0.0008923750137910247
0.0010223750723525882
0.0008972500218078494
0.0010772916721180081
0.0010319999419152737
0.0010133333271369338
0.0008870833553373814
0.0009589166147634387
0.0009415000677108765
0.000942541635595262
0.0008817915804684162
0.0009633749723434448
0.0008517917012795806
0.0011669999221339822
0.0011853333562612534
0.0008951250929385424
0.0011128332698717713
0.00087312504183501
0.0009311250178143382
0.0009246250847354531
0.0008344999514520168
0.000946874963119626
0.0009680000366643071
0.0008572916267439723
0.000996749964542687
0.0008011666359379888
0.0009847916662693024
0.000895374920219183
0.0009762083645910025
0.00081791658885777
0.0009431249927729368
0.0008012083126232028
0.0009983750060200691
0.0008604583563283086
0.0009590833215042949
0.0007922500371932983
0.0008582916343584657
0.0008577083935961127
0.000935249961912632
0.0012491249945014715
0.000853458303026855
0.0009135834407061338
0.0008155000396072865
0.0008966251043602824
0.0008552500512450933
0.0008062083506956697
0.0010406250366941094
0.0009584582876414061
0.0010501249926164746
0.0009605416562408209
0.0007729582721367478
0.0008025417337194085
0.0009706249693408608
0.0009702083189040422
0.0008719583274796605
0.0009166667005047202
0.0008668333757668734
0.0010455000447109342
0.0008689999813213944
0.0008583333110436797
0.0010287916520610452
0.0009813749929890037
0.0008042083354666829
0.0011209166841581464
0.0009247499983757734
0.0008796666515991092
0.0009810833726078272
0.0009011250222101808
0.0009303749538958073
0.0009445416508242488
0.0009726666612550616
0.0008617083076387644
0.001020750030875206
0.000827416661195457
0.0010176249779760838
0.0008806666592136025
0.0008873332990333438
0.00101650005672127
0.0009324583224952221
0.0010537082562223077
0.0008014583727344871
0.0010341666638851166
0.0009228750132024288
0.0009272916940972209
0.0008166249608621001
0.000807958422228694
0.001126458402723074
0.0008373749442398548
0.0008092500502243638
0.001306708320043981
0.0009342083940282464
0.0008446667343378067
0.0010317916749045253

(async, average, 7 queens) Done in an average of 0.0009389829216524958 seconds.

Running BenchApp.NQueens:runAsync with 8 queen(s) and 110 iteration(s).

0.0031647082651033998
0.0030457082903012633
0.003173000062815845
0.003161249915137887
0.003027249942533672
0.00324887502938509
0.0030197500018402934
0.002901416621170938
0.003313458291813731
0.003262125072069466
0.0032353332499042153
0.0033498333068564534
0.0030907500768080354
0.0031732083298265934
0.0032313333358615637
0.003118541673757136
0.003187541733495891
0.0031003333861008286
0.003102749935351312
0.0032812500139698386
0.003002166631631553
0.0032023333478718996
0.003147666691802442
0.003171625081449747
0.003031750093214214
0.0031833751127123833
0.0030234999721869826
0.0033694166922941804
0.0029292915714904666
0.0029305416392162442
0.0031030416721478105
0.003111916594207287
0.0030793333426117897
0.0031254999339580536
0.0035220416029915214
0.003380708280019462
0.003137583378702402
0.0030647916719317436
0.0030537917045876384
0.0031538750045001507
0.003263541730120778
0.003126499941572547
0.003345083328895271
0.00324908341281116
0.0030102082528173923
0.003006416605785489
0.0033787917345762253
0.003107875003479421
0.003012791625224054
0.0030676666647195816
0.003227916662581265
0.0031567083206027746
0.0030724584357813
0.0031147083500400186
0.003022416727617383
0.0029864583630114794
0.0030130832456052303
0.0032024167012423277
0.003437333391048014
0.003117166692391038
0.0030966249760240316
0.003220750018954277
0.0030493333470076323
0.0032187500037252903
0.003019416704773903
0.0033291250001639128
0.0033477917313575745
0.0030102917226031423
0.0029293333645910025
0.0031667082803323865
0.0034824584145098925
0.003178125014528632
0.0030552083626389503
0.0030562083702534437
0.0030885416781529784
0.002983166603371501
0.0029943749541416764
0.0029588750330731273
0.003042500000447035
0.0031002083560451865
0.003020875039510429
0.0029467915883287787
0.003097791690379381
0.0030018750112503767
0.0031923333881422877
0.003458833321928978
0.0029943749541416764
0.003190458402968943
0.0029996666125953197
0.0031493749702349305
0.0033631250262260437
0.003180125029757619
0.0032905415864661336
0.0031451249960809946
0.0031130416318774223
0.003054208355024457
0.003290791646577418
0.0030850416515022516
0.0029525832505896688
0.003348250058479607
0.0030258334008976817
0.0032799167092889547
0.0033441249979659915
0.0031574167078360915
0.0030206249793991446
0.002994958311319351
0.0030608749948441982
0.003205416607670486
0.003208999987691641
0.003008541651070118

(async, average, 8 queens) Done in an average of 0.0031402345874812455 seconds.

Running BenchApp.NQueens:runAsync with 9 queen(s) and 110 iteration(s).

0.012672166572883725
0.01256325002759695
0.012506500002928078
0.01277237490285188
0.012892833328805864
0.012556624948047101
0.012755833333358169
0.012680624960921705
0.012691625044681132
0.012461125035770237
0.012405083398334682
0.012577249901369214
0.013062791666015983
0.01272508327383548
0.012475916650146246
0.012609291588887572
0.0126942916540429
0.01242341659963131
0.012571749975904822
0.012435500044375658
0.012732625007629395
0.01283704163506627
0.012863041716627777
0.0127607915783301
0.012670625001192093
0.012793041649274528
0.012296500033698976
0.012237833347171545
0.012802458368241787
0.012392041622661054
0.012442249921150506
0.012736125034280121
0.012978208251297474
0.013126750010997057
0.012885000091046095
0.012645249953493476
0.012916249921545386
0.012562291696667671
0.012733958312310278
0.012686291709542274
0.01245845842640847
0.012374583282507956
0.012653208337724209
0.012839625007472932
0.012743833241984248
0.012589666759595275
0.01262179168406874
0.012545291683636606
0.013092500041238964
0.01241483329795301
0.012706708279438317
0.01280379167292267
0.012405416695401073
0.01274683338124305
0.012988458387553692
0.012903583352454007
0.012777458410710096
0.013018416706472635
0.013269041664898396
0.013416166766546667
0.012775375042110682
0.012603666633367538
0.012846208293922246
0.012271499959751964
0.012515166657976806
0.013069791719317436
0.012338500004261732
0.01243445836007595
0.012813416658900678
0.013174541760236025
0.01265708333812654
0.012965374975465238
0.012529083294793963
0.012823666678741574
0.012781750061549246
0.012537874979898334
0.012522166594862938
0.012537125032395124
0.012730499962344766
0.012373541598208249
0.01298320828936994
0.012660374981351197
0.012319041648879647
0.01259820838458836
0.012318541761487722
0.012628250056877732
0.012517416733317077
0.01258137496188283
0.01253279170487076
0.012617375003173947
0.01275562506634742
0.012415291625075042
0.012505166581831872
0.013002249994315207
0.013101958436891437
0.012871791608631611
0.012898375047370791
0.01241320837289095
0.01237000001128763
0.012776166666299105
0.012753041577525437
0.012876374996267259
0.012605833355337381
0.012606124975718558
0.012779916636645794
0.012620208319276571
0.01247574994340539
0.012827666592784226
0.012622083304449916
0.012428458430804312

(async, average, 9 queens) Done in an average of 0.012682110833702609 seconds.

Running BenchApp.NQueens:runAsync with 10 queen(s) and 110 iteration(s).

0.0617642083670944
0.06145441671833396
0.06004362506791949
0.060647625010460615
0.06085508328396827
0.061201833304949105
0.06043012498412281
0.06076920835766941
0.060678625013679266
0.06046629173215479
0.06096233334392309
0.06058879173360765
0.059928583330474794
0.06104454165324569
0.059423166676424444
0.061246874975040555
0.06061208329629153
0.0614295833511278
0.060483458335511386
0.05977637495379895
0.060280874953605235
0.061475208261981606
0.061361291678622365
0.060604833299294114
0.06085079163312912
0.06103383330628276
0.061811041668988764
0.06192599993664771
0.06060937501024455
0.06053124996833503
0.06124854169320315
0.061112708295695484
0.06111837504431605
0.0605838333722204
0.06001795828342438
0.061554625048302114
0.06120041664689779
0.06055162497796118
0.060705874930135906
0.06198354158550501
0.06033629167359322
0.06069741665851325
0.06019579176791012
0.06124845833983272
0.06088016671128571
0.06092962506227195
0.06068991660140455
0.060609875014051795
0.06097012502141297
0.06087758333887905
0.06140458327718079
0.06109429174102843
0.06140770833007991
0.06073799997102469
0.0623691666405648
0.06312704167794436
0.061878291657194495
0.061315375030972064
0.060973083367571235
0.06208145839627832
0.062088458333164454
0.060269208275713027
0.06177787494380027
0.06085454171989113
0.06095762504264712
0.061139291734434664
0.06172191665973514
0.061800875002518296
0.061218125047162175
0.06128833338152617
0.06021304172463715
0.06420329166576266
0.06129187496844679
0.06096233334392309
0.06035833328496665
0.06231620837934315
0.06100562494248152
0.06286908336915076
0.06199691665824503
0.061820166651159525
0.062060374999418855
0.062127624987624586
0.062262958381325006
0.06146975001320243
0.06319508329033852
0.06259808328468353
0.061748625012114644
0.06273725000210106
0.06189900008030236
0.06211745832115412
0.06195299990940839
0.0612216250738129
0.06106083339545876
0.06190437509212643
0.06192029162775725
0.06207566661760211
0.061091041658073664
0.061987666646018624
0.0630425832932815
0.06089929165318608
0.06195533333811909
0.06297279160935432
0.06144374993164092
0.06365387502592057
0.06256370828486979
0.062163541675545275
0.06242829165421426
0.062480208347551525
0.06307320832274854
0.061735666706226766

(async, average, 10 queens) Done in an average of 0.061438781248871234 seconds.

Running BenchApp.NQueens:runAsync with 11 queen(s) and 110 iteration(s).

0.32170241663698107
0.32158112502656877
0.3218487916747108
0.3232632917352021
0.32369579176884145
0.32289745833259076
0.32438845827709883
0.3231702083721757
0.33118562505114824
0.3228119999403134
0.3229784583672881
0.3256451665656641
0.32332700002007186
0.32510845828801394
0.3284756666980684
0.32200754166115075
0.32576716656330973
0.32487695838790387
0.3250470000784844
0.32425341673661023
0.3288898749742657
0.32288720831274986
0.32428704167250544
0.32816908333916217
0.3255193750374019
0.3261832082644105
0.32639025000389665
0.32690812507644296
0.3250390833709389
0.3289535832591355
0.32732641662005335
0.3264082915848121
0.3320078334072605
0.32653175003360957
0.3285462915664539
0.3292348333634436
0.3250076250405982
0.3271478333044797
0.3288799166912213
0.32746425003279
0.32914733327925205
0.3330479166470468
0.3280924166319892
0.3277646666392684
0.3298673334065825
0.3318730416940525
0.33022345835343003
0.3315712083131075
0.3316552083706483
0.3304151666816324
0.3322839583270252
0.3319399165920913
0.33314120827708393
0.3345248749246821
0.3299681666539982
0.3354504583403468
0.33584104164037853
0.3369571666698903
0.33592879166826606
0.3308586666826159
0.33576812501996756
0.3354836250655353
0.3348296666517854
0.33440583327319473
0.3326124583836645
0.33391462499275804
0.3347087916918099
0.3366421665996313
0.3377765833865851
0.3368831666884944
0.33274937490932643
0.3361248333239928
0.3364130832487717
0.33600658329669386
0.3374734582612291
0.3381193750537932
0.3386677916860208
0.3390850416617468
0.3349601667141542
0.3391416249796748
0.34030183334834874
0.3381064999848604
0.3382845417363569
0.34184129163622856
0.33876012498512864
0.338133875047788
0.34083595825359225
0.34144904161803424
0.33869745838455856
0.3422607500106096
0.3371414582943544
0.33705358335282654
0.3439435416366905
0.34092024993151426
0.34081054164562374
0.34220062498934567
0.33932191669009626
0.3399862915975973
0.34376179159153253
0.34074000001419336
0.33771233342122287
0.3434574584243819
0.3422730832826346
0.3400005833245814
0.34285929170437157
0.34256370831280947
0.3406124166212976
0.3452479583211243
0.33760858327150345
0.3417195415822789

(async, average, 11 queens) Done in an average of 0.333701934160199 seconds.

Running BenchApp.NQueens:runAsync with 12 queen(s) and 110 iteration(s).

2.0700323750497773
2.0180439583491534
2.021024458343163
1.986784958280623
1.9889467083849013
1.9970409583766013
2.002161708311178
1.992966083344072
2.0016444167122245
2.0092742916895077
2.01989237498492
2.0003375000087544
2.009619791759178
2.0333881250116974
2.0752710417145863
2.083521291729994
2.0983721249504015
2.1136364166159183
2.1209242083132267
2.1233785833464935
2.1552768333349377
2.179683416732587
2.1662075417116284
2.198354541673325
2.2080744166160002
2.250705625046976
2.2471856666961685
2.303172833402641
2.3131683750543743
2.315727416658774
2.255502083338797
2.2951351666124538
2.2844989167060703
2.2754494166001678
2.3586668332573026
2.3106665833620355
2.3236381667666137
2.40502141660545
2.3600924167549238
2.3064271666808054
2.330987291643396
2.3935862500220537
2.379131833324209
2.3082140416372567
2.386510833282955
2.3858427917584777
2.3950972084421664
2.3981949583394453
2.405359458294697
2.3541210832772776
2.3683686667354777
2.433482125052251
2.3955822916468605
2.384159000008367
2.3645992500241846
2.4188232916640118
2.412438041646965
2.41468074999284
2.409208041615784
2.3747699999948964
2.4105682499939576
2.375583083368838
2.4198618333321065
2.3883302500471473
2.373983333352953
2.3939645417267457
2.43276420829352
2.3604355833958834
2.440203374950215
2.3738579166820273
2.382649249979295
2.393863374949433
2.3926335416035727
2.4227928750915453
2.3995409582275897
2.3898902082582936
2.3837497083004564
2.3685698750196025
2.3873518334003165
2.3991973750526085
2.4217841665958986
2.4176421250449494
2.429089791723527
2.462859958410263
2.4138682500924915
2.4513714166823775
2.4196176666300744
2.4547712083440274
2.4382242916617543
2.4546747083077207
2.4170167499687523
2.434856874984689
2.4306882083183154
2.4278679583221674
2.4349090000614524
2.430401916615665
2.4099494999973103
2.465076499967836
2.4559455832932144
2.4185817083343863
2.4348722082795575
2.4933950416743755
2.399769749958068
2.4357594166649505
2.4303599999984726
2.450802666717209
2.42427983332891
2.441881916602142
2.44982579164207
2.430311083327979

(async, average, 12 queens) Done in an average of 2.348744001670275 seconds.

Benchmark done
