Pressed 'Run benchmark'
About to run 'Swift concurrency'-version of SpawnManyWaiting with batch mode: true
Running BenchApp.SpawnManyWaiting:runAsync with 2 task(s) and 110 iteration(s).

0.2208011249313131
0.21643400005996227
0.20894295838661492
0.21230466675478965
0.21584754157811403
0.21657270833384246
0.2165407083230093
0.20641716674435884
0.21197900001425296
0.2135817917296663
0.20954333327244967
0.21457575005479157
0.20971712504979223
0.21019374998286366
0.21047137503046542
0.2147437499370426
0.20985862496308982
0.21128774993121624
0.20635466661769897
0.21302270831074566
0.21371354162693024
0.21654458332341164
0.21657549997325987
0.20950754173099995
0.2136219167150557
0.21185058332048357
0.21478741674218327
0.2025328748859465
0.2166015834081918
0.21592583344317973
0.2106617083773017
0.2169598750770092
0.21581579162739217
0.22026745835319161
0.2136418749578297
0.2019387916661799
0.202144333277829
0.20196362491697073
0.20710358337964863
0.2162529167253524
0.21662345831282437
0.21657158329617232
0.21662608336191624
0.21655037498567253
0.21664883336052299
0.21658537501934916
0.216496791690588
0.21660137502476573
0.21587162499781698
0.21166308340616524
0.21594862500205636
0.2085387916304171
0.21427691669669002
0.2165827084099874
0.21667141665238887
0.21654595830477774
0.21398141665849835
0.21263349999208003
0.21666525001637638
0.21363574999850243
0.21961020841263235
0.21647916676010936
0.21656354167498648
0.2202930833445862
0.21334920823574066
0.20202900003641844
0.2047462499467656
0.21656645834445953
0.21665362501516938
0.22024012496694922
0.2129275833722204
0.21658195834606886
0.21662741666659713
0.216673958231695
0.2137328333919868
0.20892495824955404
0.2103770833928138
0.2163094999268651
0.21568033332005143
0.21649037499446422
0.21663087501656264
0.21668241661973298
0.21664870833046734
0.2164045834215358
0.21665954170748591
0.2165883332490921
0.21657616668380797
0.21667241666000336
0.21653058333322406
0.21659499988891184
0.21655495837330818
0.21662108332384378
0.21664354170206934
0.2166184582747519
0.21652550005819649
0.21660008328035474
0.2167023749789223
0.21649141667876393
0.21664774999953806
0.21655808330979198
0.21659966674633324
0.22049458336550742
0.22036449995357543
0.22026237496174872
0.21359583328012377
0.20217620837502182
0.20188420836348087
0.20205175003502518
0.20200654165819287
0.21356254164129496

(async, average, 2 tasks) Done in an average of 0.21389705833396874 seconds.

Running BenchApp.SpawnManyWaiting:runAsync with 4 task(s) and 110 iteration(s).

0.40395591664128006
0.40411412494722754
0.4158187083667144
0.4337090833578259
0.4333461250644177
0.4332471250090748
0.42302841669879854
0.41965345828793943
0.4301909999921918
0.43326399999205023
0.41756954172160476
0.42587179166730493
0.42390541662462056
0.4332143332576379
0.43327470822259784
0.4283963750349358
0.4208959999959916
0.4266929167788476
0.4188267500139773
0.42095579160377383
0.4265673334011808
0.41894549992866814
0.4331899166572839
0.43333870836067945
0.4331738332984969
0.43324008327908814
0.4332222082884982
0.4369343750877306
0.4407297500874847
0.44063854159321636
0.4242049165768549
0.44067749998066574
0.43260537507012486
0.4407894166652113
0.44066966662649065
0.42112325003836304
0.43376895831897855
0.4406337916152552
0.44065666664391756
0.4375732917105779
0.43219745834358037
0.43300745834130794
0.4406810832442716
0.4156464582774788
0.40426762495189905
0.4222983749350533
0.4405698749469593
0.41664774995297194
0.41559075005352497
0.4041067499201745
0.4140063333325088
0.4162804583320394
0.4036840416956693
0.41563487495295703
0.4153367499820888
0.4040591666707769
0.42232908331789076
0.4406153333839029
0.4400840833550319
0.44084608333650976
0.44065120827872306
0.44058508332818747
0.41587466665077955
0.40419187501538545
0.4292922916356474
0.4317539166659117
0.43142466666176915
0.44064299995079637
0.4158628332661465
0.4040937916142866
0.41825054166838527
0.43649016658309847
0.4406320416601375
0.41395166667643934
0.40411520830821246
0.404188625048846
0.4155418333830312
0.4040540417190641
0.41472029162105173
0.41567429166752845
0.4275799166643992
0.4405543332686648
0.4158224583370611
0.4040772917214781
0.4222931667463854
0.41561429167632014
0.40410587494261563
0.4158697916427627
0.4405150417005643
0.4406639999942854
0.44063779164571315
0.44057512492872775
0.4343790833372623
0.4314843333559111
0.4159103750716895
0.4041691250167787
0.42227179172914475
0.416003999998793
0.40405379165895283
0.43152425007428974
0.438542416668497
0.43695075006689876
0.4156977083766833
0.4041393334046006
0.4222999584162608
0.4156058750813827
0.4040532916551456
0.4369842499727383
0.43322837504092604
0.4290260834386572

(async, average, 4 tasks) Done in an average of 0.42496802416513674 seconds.

Running BenchApp.SpawnManyWaiting:runAsync with 6 task(s) and 110 iteration(s).

0.6177908750250936
0.6436804584227502
0.635261083371006
0.630185000016354
0.6432607083115727
0.6597473749425262
0.6090902499854565
0.6421324167167768
0.6253070416860282
0.6335546667687595
0.6179229583358392
0.618389124982059
0.6362101250560954
0.6504454166861251
0.6599177500465885
0.660869958344847
0.6516642917413265
0.6344987082993612
0.6351342916022986
0.6489835833199322
0.6443516250001267
0.6499300833093002
0.6498505000490695
0.6499658334068954
0.6494725833181292
0.6340036250185221
0.6341460415860638
0.649938041693531
0.6499608333688229
0.6498118332820013
0.6397870000218973
0.649919708375819
0.6205806666985154
0.6335714582819492
0.653759624925442
0.6527043749811128
0.6179868750041351
0.6182144166668877
0.6213454583194107
0.660980875021778
0.6421095000114292
0.642226625001058
0.6609458333114162
0.6583824583794922
0.6408297916641459
0.6336247500730678
0.6610702499747276
0.6366832499625161
0.6566474999999627
0.6609679582761601
0.6179463749285787
0.623304458335042
0.6393277916358784
0.6426570833427832
0.6231524583417922
0.6441175832878798
0.6578761249547824
0.6611742916284129
0.6450470833806321
0.6610832916339859
0.6295091250212863
0.6336002500029281
0.6608229166595265
0.6585883749648929
0.6177455832948908
0.6243249584222212
0.6457717083394527
0.6531444166321307
0.6061304582981393
0.6426186666358262
0.6608969583176076
0.6491562916198745
0.6178000416839495
0.624377749976702
0.6122175416676328
0.6352236666716635
0.6575411249650642
0.6482262916397303
0.6581003332976252
0.6608732499880716
0.653961708303541
0.6394201667280868
0.6377228333149105
0.6524263749597594
0.6581271666800603
0.6470566249918193
0.6178679165896028
0.6243947084294632
0.6514248750172555
0.6392660833662376
0.6173985416535288
0.653924125013873
0.6489721249090508
0.617742000031285
0.6245175000512972
0.61786608339753
0.6244144584052265
0.617644083336927
0.6244339583208784
0.6573634583037347
0.6261597083648667
0.660806208383292
0.6307432915782556
0.6498641250655055
0.6408596249530092
0.6357977499719709
0.62952004163526
0.649577375035733
0.6437241249950603
0.6374488333240151

(async, average, 6 tasks) Done in an average of 0.6408060770807787 seconds.

Running BenchApp.SpawnManyWaiting:runAsync with 8 task(s) and 110 iteration(s).

0.8199096666648984
0.8516275000292808
0.8648129584034905
0.8201157083967701
0.8532757916254923
0.8554209583671764
0.8330149999819696
0.8635262916795909
0.8754513333551586
0.8200531667098403
0.8621029583737254
0.8559620416490361
0.8252699582371861
0.8199255416402593
0.8569901667069644
0.8624192083952948
0.8564863333012909
0.8600486250361428
0.8665959166828543
0.8558704582974315
0.8438735000090674
0.881037583341822
0.820062791579403
0.8631556250620633
0.8318042500177398
0.8813989165937528
0.8777078334242105
0.8175092499004677
0.8294285000301898
0.8423118750797585
0.8499072082340717
0.866549166617915
0.8666527500608936
0.8664638750487939
0.8665708332555369
0.8728682500077412
0.8626253333641216
0.8326175416586921
0.8670807083835825
0.8810159167042002
0.8774421666748822
0.8261236666003242
0.8447210832964629
0.8199357083067298
0.8513950000051409
0.8756390833295882
0.8082685000263155
0.8719274167669937
0.868304583360441
0.8712527500465512
0.8763000833569095
0.8290568332886323
0.8078509166371077
0.8198643333744258
0.8512755417032167
0.8445052499882877
0.8199497499736026
0.8516410832526162
0.8812946666730568
0.8665719999698922
0.8402625001035631
0.8538277084007859
0.819897250039503
0.8628046250669286
0.8813113333890215
0.8651102082803845
0.819799083401449
0.8627019583946094
0.8199105833191425
0.8548217916395515
0.8523271250305697
0.8081966666504741
0.8436516667716205
0.8813692083349451
0.8200238333083689
0.8401853749528527
0.844767166650854
0.8790227500721812
0.8774107500212267
0.8705156249925494
0.8308373750187457
0.8714587501017377
0.8792950416682288
0.8472712916554883
0.8263919583987445
0.8694638332817703
0.808166875038296
0.8195525832707062
0.856692458386533
0.8618008333723992
0.8812319999560714
0.8229672083398327
0.8648025416769087
0.8811863749288023
0.8153600416844711
0.8261089583393186
0.8323601667070761
0.819583791657351
0.8629819999914616
0.8539958749897778
0.8195118332514539
0.8547916666138917
0.864503416698426
0.8332411249866709
0.8197810833808035
0.8543257500277832
0.8510339583735913
0.8688021249836311
0.8812984999967739
0.8622670416953042

(async, average, 8 tasks) Done in an average of 0.8504461700061802 seconds.

Running BenchApp.SpawnManyWaiting:runAsync with 10 task(s) and 110 iteration(s).

1.0220520000439137
1.0217593749985099
1.0213248332729563
1.021871666656807
1.0704325416591018
1.021929124952294
1.0769277083454654
1.0219477915670723
1.0220360832754523
1.021982750040479
1.0219137499807402
1.0220420834375545
1.0221791249932721
1.0732705417321995
1.022002458339557
1.021986833307892
1.022145958384499
1.0221913333516568
1.0221762916771695
1.021738416631706
1.0222227915655822
1.0792170834029093
1.0928749584127218
1.0221307500032708
1.0218261666595936
1.0219750415999442
1.0220734166214243
1.021906791604124
1.0220007499447092
1.022047416656278
1.0220511666266248
1.022016583243385
1.0221072500571609
1.0438797083916143
1.0219286667415872
1.021945416694507
1.0219188750488684
1.0808442917186767
1.0219734583515674
1.0218990000430495
1.0221267499728128
1.02185441670008
1.0219542500562966
1.0727313751121983
1.0219783750362694
1.021596624981612
1.0603680834174156
1.0911875000456348
1.0221573750022799
1.0221055833389983
1.040066291578114
1.0220702916849405
1.0221784167224541
1.021524375071749
1.0838150832569227
1.0220688750268891
1.0221497499151155
1.021902999957092
1.0218664166750386
1.021953666699119
1.022066375007853
1.0220774583285674
1.0767063749954104
1.0451625833520666
1.0218791665975004
1.0221004583872855
1.022115333355032
1.0220035832608119
1.0219072917243466
1.021897125057876
1.0221089583355933
1.0217774583725259
1.0220796666108072
1.0218841249588877
1.0677141250343993
1.0219722082838416
1.0216806249227375
1.0219187500188127
1.0219998749671504
1.0218491250416264
1.022088291705586
1.0220788749866188
1.0220786250429228
1.0218262083362788
1.0216265000635758
1.0222194999223575
1.0219467083225027
1.0220236667664722
1.0220718749333173
1.0218814582331106
1.02198854170274
1.0857825833372772
1.0219723334303126
1.021974500035867
1.022094541694969
1.0221585417166352
1.0219341666670516
1.0654113750206307
1.0220432915957645
1.0219384583178908
1.02167783328332
1.0220508750062436
1.0220994167029858
1.0587543749716133
1.0213413332821801
1.0647799583384767
1.0215074167354032
1.0706019999925047
1.0214594582794234
1.078286458272487

(async, average, 10 tasks) Done in an average of 1.0311074270878453 seconds.

Benchmark done
