Pressed 'Run benchmark'
About to run 'GCD'-version of SpawnManyWaiting with batch mode: true
Running BenchApp.SpawnManyWaiting:runGCD with 2 task(s) and 110 iteration(s).

0.2087336250115186
0.21011475007981062
0.21016012504696846
0.20679412491153926
0.21009325003251433
0.210115083376877
0.21020270825829357
0.21008370828349143
0.20946508343331516
0.21017958340235054
0.20684645825531334
0.21013454161584377
0.21011149999685585
0.21007862489204854
0.2058802500832826
0.20737270824611187
0.21013554162345827
0.2100935416528955
0.21008654171600938
0.20869654172565788
0.21016949997283518
0.21012516668997705
0.2101057916879654
0.20533516665454954
0.21006362501066178
0.21013337501790375
0.21018741675652564
0.2101376666687429
0.20439216669183224
0.2101228750543669
0.21011637500487268
0.20520874997600913
0.20767849998082966
0.20845470833592117
0.20592441665939987
0.21013712498825043
0.21009887498803437
0.2101188333472237
0.21005708328448236
0.21016204170882702
0.2101260416675359
0.20955512498039752
0.21011829166673124
0.20680362498387694
0.2101356666535139
0.20572670840192586
0.2101194583810866
0.21010079164989293
0.21007387503050268
0.21009604167193174
0.21015075000468642
0.21007958333939314
0.21020570839755237
0.21013637504074723
0.210171916638501
0.21015433338470757
0.21012241661082953
0.2056175833567977
0.20987341669388115
0.2017662082798779
0.21011512505356222
0.21006837498862296
0.2101075833197683
0.21010845841374248
0.20993404171895236
0.2100839166669175
0.2100770416436717
0.20611062506213784
0.20923366665374488
0.20129370829090476
0.20585616666357964
0.210149374906905
0.2062920416938141
0.2101325000403449
0.21014437498524785
0.21005562494974583
0.20655599993187934
0.210117791662924
0.20530499995220453
0.2019014583202079
0.2101842917036265
0.20249250007327646
0.21009458333719522
0.21011924999766052
0.2073484583524987
0.20795754168648273
0.20964150002691895
0.21018370834644884
0.21016774990130216
0.20769208332058042
0.21007287502288818
0.21013508329633623
0.210084916674532
0.2064517083344981
0.20572845835704356
0.210111333290115
0.21011308336164802
0.21015783329494298
0.2100763750495389
0.2101359167136252
0.21010145836044103
0.20936120836995542
0.20729341672267765
0.21012791665270925
0.2101342916721478
0.20774158334825188
0.2101554167456925
0.21011320839170367
0.20544379169587046
0.2059790416387841

(GCD, average, 2 tasks) Done in an average of 0.20878343083779327 seconds.

Running BenchApp.SpawnManyWaiting:runGCD with 4 task(s) and 110 iteration(s).

0.4172374166082591
0.41555479168891907
0.40752604173030704
0.41554141673259437
0.42022220825310796
0.4202107499586418
0.41749304172117263
0.41563037503510714
0.4164071249542758
0.4156052500475198
0.4081301250262186
0.4160553750116378
0.4201500000199303
0.42034641664940864
0.42022075003478676
0.4138099583797157
0.41656683338806033
0.4165957916993648
0.41652887500822544
0.41655154165346175
0.4202002916717902
0.4202396667096764
0.42031979165039957
0.4202189582865685
0.4175459999823943
0.41539029171690345
0.42011562502011657
0.4202453749021515
0.42021179175935686
0.4201829582452774
0.42019120836630464
0.4201876249862835
0.42027316661551595
0.4202404166571796
0.4155942499637604
0.41658924997318536
0.41368995839729905
0.41597674996592104
0.4199468332808465
0.4167194582987577
0.41453708335757256
0.41161224991083145
0.42020433326251805
0.4202095833607018
0.41824083332903683
0.4202026666607708
0.42029337503481656
0.42031558335293084
0.415978999924846
0.4202041666721925
0.4201797499554232
0.42014437506441027
0.41990554169751704
0.4160087916534394
0.41549754166044295
0.4040618749568239
0.42023345828056335
0.4201632500626147
0.42025874997489154
0.41553149989340454
0.41553212504368275
0.42026691674254835
0.4155977084301412
0.4161189583828673
0.4202735417056829
0.41955724998842925
0.4202260416932404
0.42025908338837326
0.420224416651763
0.41223566664848477
0.41676074999850243
0.42013924999628216
0.4202898333314806
0.4202917499933392
0.4202504582935944
0.42020879162009805
0.4153979999246076
0.41222220833878964
0.42023437505122274
0.41954525001347065
0.4201614166377112
0.4202052499167621
0.41961041663307697
0.42021220829337835
0.4161053749267012
0.4146138750948012
0.41209441667888314
0.4202327916864306
0.42016220837831497
0.4203052083030343
0.4176967500243336
0.41599970834795386
0.4201965000247583
0.4174937083153054
0.42028133338317275
0.41891295835375786
0.4201911250129342
0.4201845832867548
0.41887212498113513
0.42015024996362627
0.420167833333835
0.42016487498767674
0.4202537499368191
0.42027724999934435
0.4201951666036621
0.4204421249451116
0.41624770837370306
0.42015016672667116
0.4202133750077337
0.4202496249927208

(GCD, average, 4 tasks) Done in an average of 0.4183049549977295 seconds.

Running BenchApp.SpawnManyWaiting:runGCD with 6 task(s) and 110 iteration(s).

0.6259596250019968
0.6304040000541136
0.6242045416729525
0.6303280416177586
0.6303309582872316
0.6264847082784399
0.6303519166540354
0.6303581666434184
0.6304081666748971
0.6302814583759755
0.6247398749692366
0.6290830416837707
0.6257086666300893
0.6254590833559632
0.6304215417476371
0.6295326666440815
0.630343041731976
0.6286182916956022
0.62345941667445
0.6303084583487362
0.630206250003539
0.6302703333785757
0.6302750000031665
0.6300801250617951
0.6215915416833013
0.6304170415969566
0.6302700416417792
0.630314499954693
0.6303529166616499
0.6263347499771044
0.6303536666091532
0.6303437916794792
0.6303189166355878
0.6304028332233429
0.630316749913618
0.6286106666084379
0.6302849999628961
0.6304105833405629
0.6246772916056216
0.6303757500136271
0.6217333333333954
0.6303801250178367
0.6302524582715705
0.6303769167279825
0.6303332500392571
0.630347124999389
0.6232830000808463
0.625972458277829
0.6259209166746587
0.6269193750340492
0.630248041707091
0.6303476666798815
0.6262002500006929
0.6303595000645146
0.630444583366625
0.6302541249897331
0.6296537083107978
0.6297448750119656
0.6300904166419059
0.628035583300516
0.6302585833473131
0.6303609166061506
0.6303168333834037
0.6303275000536814
0.6239747083745897
0.6303716666297987
0.6270865000551566
0.6302671667654067
0.629134958377108
0.6302899166475981
0.6274088750360534
0.6303953749593347
0.617805999936536
0.622378041734919
0.6206683749333024
0.6302303333068267
0.6303574999328703
0.6268182499334216
0.6303975832415745
0.6289891249034554
0.628079375019297
0.6303329583024606
0.630264375009574
0.630383541691117
0.630366624915041
0.6303137083305046
0.6265358749078587
0.6303384583443403
0.6303128749132156
0.630411499994807
0.6303942915983498
0.630364999989979
0.6183483749628067
0.6303887084359303
0.6283600416500121
0.6303257083054632
0.6303109166910872
0.6304276667069644
0.6303365000057966
0.6302972083212808
0.6218314167344943
0.6303114582551643
0.6303711250657216
0.6303256249520928
0.6303620416438207
0.6219382917042822
0.6303044583182782
0.6271379999816418
0.6217868333915249
0.6303267083130777

(GCD, average, 6 tasks) Done in an average of 0.6285420741618145 seconds.

Running BenchApp.SpawnManyWaiting:runGCD with 8 task(s) and 110 iteration(s).

0.8404766666935757
0.8405064583057538
0.8363638333976269
0.8397047084290534
0.8359079583315179
0.8370515833375975
0.8397610416868702
0.840471375035122
0.8390446666162461
0.8394780834205449
0.8358495832653716
0.840475625009276
0.8403311666334048
0.8405184166040272
0.840742375003174
0.8404307082528248
0.8317939166445285
0.8404169999994338
0.8404853750253096
0.8401308750035241
0.8350087500875816
0.8404513749992475
0.8236340000294149
0.8405486666597426
0.8324990416876972
0.8271123750600964
0.8242510416312143
0.833315166644752
0.8315242084208876
0.8404867500066757
0.8404837916605175
0.8285420415922999
0.836311541730538
0.8368214583024383
0.8404301250120625
0.8393975417129695
0.8355861250311136
0.8347254167310894
0.8405059166252613
0.8404515000293031
0.8358854999532923
0.8403304999228567
0.8400947083719075
0.8404772500507534
0.8405115833738819
0.8368015832966194
0.839569833362475
0.840512958355248
0.830723249935545
0.8404221249511465
0.8402669999049976
0.8379497500136495
0.8370472498936579
0.8405104166595265
0.840385333285667
0.8406049583572894
0.8367114167194813
0.8368626666488126
0.8189529583323747
0.8323970000492409
0.8396899999352172
0.840364333242178
0.8398552499711514
0.8315389583585784
0.8404567916877568
0.8405022916849703
0.8404657082865015
0.8404974583536386
0.840472333249636
0.8360190000385046
0.8373986666556448
0.8404188749846071
0.8404422915773466
0.8359183332649991
0.835003083338961
0.8359581250697374
0.8400330833392218
0.8404981666244566
0.8404404167085886
0.8404680833918974
0.8405400833580643
0.8326037917286158
0.8404425833141431
0.8405882499646395
0.836204249993898
0.8404786665923893
0.840464708278887
0.8368314582621679
0.8405731667298824
0.8334264167351648
0.8404754999792203
0.8404320833506063
0.8403774166945368
0.8384611249202862
0.8280798750929534
0.83684195834212
0.8336150833638385
0.8380992083111778
0.8402162500424311
0.8385682082735002
0.8389989166753367
0.8332221667515114
0.8378847916610539
0.8403879166580737
0.835944916587323
0.840459541650489
0.8404410833027214
0.840616041678004
0.8404191666049883
0.8404666249407455

(GCD, average, 8 tasks) Done in an average of 0.8376288241613656 seconds.

Running BenchApp.SpawnManyWaiting:runGCD with 10 task(s) and 110 iteration(s).

1.0485389999812469
1.0444370416225865
1.0447303750552237
1.0332569165620953
1.0400462499819696
1.0504607083275914
1.0476084583206102
1.0401871249778196
1.0433910832507536
1.041815708274953
1.037763874977827
1.0499139999737963
1.0418228332418948
1.0415082916151732
1.045166291645728
1.0450948333600536
1.0504524583229795
1.0492546666646376
1.0459012084174901
1.0505818750243634
1.0428615416167304
1.0486444584093988
1.0457700833212584
1.05041120829992
1.0403650416992605
1.0504795833257958
1.0479011666029692
1.0446329166879877
1.0490732917096466
1.0467159583931789
1.0504567917669192
1.045702708302997
1.0503179582301527
1.048196958261542
1.048240749980323
1.0417946665547788
1.0505376666551456
1.0459048333577812
1.0498835416510701
1.0474981250008568
1.047142666648142
1.0379357499768957
1.0460772917140275
1.0217987499199808
1.0391878333175555
1.0507013333262876
1.025971291703172
1.0474688749527559
1.0260326666757464
1.0259513333439827
1.0402385833440349
1.037607750040479
1.0338609999744222
1.0339914999203756
1.0495072499616072
1.0461617084220052
1.0471995833795518
1.0459494165843353
1.041908458340913
1.0453769583255053
1.0505788333248347
1.0457264583092183
1.0498138749971986
1.0498979582916945
1.03832687495742
1.0506240000249818
1.0338165833381936
1.0492057499941438
1.0479707916965708
1.021956416661851
1.050468458328396
1.0503954166779295
1.0500647500157356
1.047022583312355
1.048409250099212
1.048035041661933
1.0500300832791254
1.049865624983795
1.0499330416787416
1.036184124997817
1.041716375038959
1.0459372500190511
1.0459968750365078
1.0501876666676253
1.050658999942243
1.0421406666282564
1.0452908750157803
1.0487173333531246
1.0423672499600798
1.0485299583524466
1.0506462916964665
1.0504564583534375
1.044119791709818
1.0426373332738876
1.0504950833274052
1.049421583302319
1.0505846666637808
1.050421916646883
1.0500105833634734
1.0505347083089873
1.0436503334203735
1.0419602500041947
1.0433615832589567
1.0415981250116602
1.0458212499506772
1.0463782083243132
1.0483788333367556
1.0458701667375863
1.0505191250704229
1.0504121250705793

(GCD, average, 10 tasks) Done in an average of 1.0452006716642064 seconds.

Benchmark done
