Pressed 'Run benchmark'
About to run 'GCD'-version of SpawnManyWaiting with batch mode: true
Running BenchApp.SpawnManyWaiting:runGCD with 2 task(s) and 110 iteration(s).

0.20462141663301736
0.20119458332192153
0.20573295839130878
0.2101315415930003
0.21017383330035955
0.20806758326943964
0.20384462492074817
0.21011229162104428
0.21020266669802368
0.21013283333741128
0.2101678333710879
0.20532520837150514
0.21010154171381146
0.2100996250519529
0.21016104170121253
0.21015916671603918
0.2095958333229646
0.21013554162345827
0.21015854156576097
0.21010299993213266
0.21021087490953505
0.20882429170887917
0.21017304167617112
0.21013354160822928
0.2101058333646506
0.2101363332476467
0.21012416668236256
0.21015870827250183
0.2102102916687727
0.2101962916785851
0.21020433341618627
0.20936791668646038
0.21010208339430392
0.2100865833926946
0.2101226249942556
0.21018408332020044
0.20936091663315892
0.20698937494307756
0.21012662502471358
0.21014204167295247
0.2101716665783897
0.2051472916500643
0.21016433322802186
0.21014099998865277
0.21017945825587958
0.21017887501511723
0.2054912499152124
0.2020237916149199
0.20604999992065132
0.21017833333462477
0.20722350000869483
0.20837854163255543
0.20605383336078376
0.2101564999902621
0.20826587500050664
0.21010608330834657
0.20548083330504596
0.2058584167389199
0.21015483338851482
0.21018654166255146
0.21014133340213448
0.2101050834171474
0.21009679161943495
0.2101527500199154
0.21021583338733763
0.2101150417001918
0.21009900001809
0.21011625009123236
0.2101284166565165
0.21021433325950056
0.21021799999289215
0.21010775002650917
0.21013450005557388
0.21019133331719786
0.21012633328791708
0.2101993333781138
0.2100890416186303
0.21012204175349325
0.2102260000538081
0.2101822500117123
0.21017016668338329
0.20933937490917742
0.2104325833497569
0.21020837500691414
0.20733116660267115
0.21010654175188392
0.21009583328850567
0.2101226249942556
0.21014854160603136
0.21018045826349407
0.2101387083530426
0.20930058334488422
0.21019483334384859
0.2101589583326131
0.21023724996484816
0.2101136667188257
0.2100726249627769
0.21015058329794556
0.210150666651316
0.2101192083209753
0.21016487502492964
0.2052219583420083
0.20608733338303864
0.2101117082638666
0.21017766662407666
0.21012424991931766
0.2052850415930152
0.20602562499698251
0.2100921249948442
0.21008516661822796

(GCD, average, 2 tasks) Done in an average of 0.20939688166137785 seconds.

Running BenchApp.SpawnManyWaiting:runGCD with 4 task(s) and 110 iteration(s).

0.41543445840943605
0.4202413751045242
0.4203340832609683
0.4191192500293255
0.4202592084184289
0.4202937916852534
0.414257499971427
0.42033724999055266
0.4203309166477993
0.4201777083799243
0.42031833331566304
0.4202702500624582
0.4202715833671391
0.4203458750853315
0.41731262498069555
0.41592333337757736
0.4178129166830331
0.4203609999967739
0.41724691668059677
0.42027833324391395
0.4178831666940823
0.4202033333713189
0.4164238750236109
0.41580779175274074
0.4197786250151694
0.4202993749640882
0.41579983336851
0.41541154170408845
0.4174197083339095
0.4176624167012051
0.4203239999478683
0.41802033339627087
0.42032104160171
0.4192658750107512
0.41656529158353806
0.42022387497127056
0.41713070834521204
0.42019754159264266
0.4156333332648501
0.41798079176805913
0.4202986666932702
0.41829270822927356
0.42030837503261864
0.4203444584272802
0.4197413333458826
0.4154582499759272
0.4135551666840911
0.420279833371751
0.42032558331266046
0.4201900416519493
0.4203300833469257
0.4183835834264755
0.41720579168759286
0.42023037502076477
0.4202617083210498
0.4203096666606143
0.40820941666606814
0.4159054582705721
0.4179851249791682
0.4203147500520572
0.41757150006014854
0.418481916654855
0.42028579174075276
0.4203223750228062
0.4157063333550468
0.4193494583014399
0.4132941249990836
0.4175758333876729
0.41608012502547354
0.415492125088349
0.4176590833812952
0.4165410833666101
0.4203219583723694
0.4148959582671523
0.42041458340827376
0.42030016670469195
0.4203917916165665
0.4202872916357592
0.4203085000626743
0.4203130833338946
0.42028679163195193
0.4203336250502616
0.42031049996148795
0.41870987496804446
0.42026425001677126
0.4202216250123456
0.4204459999455139
0.4204255415825173
0.4163167916703969
0.41805937490426004
0.42029987496789545
0.4203624583315104
0.42030124994926155
0.4202226250199601
0.4203479583375156
0.42026208341121674
0.4202441666275263
0.41448299994226545
0.41545445832889527
0.42029979173094034
0.42031904170289636
0.4156959999818355
0.4043863749830052
0.41799729166086763
0.4201723333681002
0.42020941665396094
0.42031937499996275
0.4202414583414793
0.4184999583521858
0.42026050004642457

(GCD, average, 4 tasks) Done in an average of 0.41851770875626243 seconds.

Running BenchApp.SpawnManyWaiting:runGCD with 6 task(s) and 110 iteration(s).

0.6305042500607669
0.6177667082520202
0.626307874917984
0.6257728332420811
0.628738958388567
0.6304819583892822
0.6304518749238923
0.630329291569069
0.629889874951914
0.6303932500304654
0.630477208411321
0.6303589165909216
0.6269447916420177
0.6280824999557808
0.6281097499886528
0.6303356667049229
0.6303956666961312
0.6303190001053736
0.6303304583998397
0.6176712500164285
0.6213219999335706
0.6304294166620821
0.6257005833322182
0.6239646666217595
0.6242197916144505
0.6304695416474715
0.6303331666858867
0.6303520000074059
0.6303422916680574
0.6258021249668673
0.6303744165925309
0.6303966667037457
0.6292122916784137
0.627481458359398
0.626514499890618
0.6256806249730289
0.6303953749593347
0.6304951667552814
0.6304671666584909
0.6304004583507776
0.6304802499944344
0.6304385417606682
0.6304185832850635
0.630466791568324
0.6245032084407285
0.6262238333001733
0.627159041701816
0.6295600000303239
0.6304955416126177
0.6304250417742878
0.6303135417401791
0.6299090416869149
0.6304726250236854
0.6256837083492428
0.6304397917119786
0.6304165417095646
0.6287673333426937
0.6304684999631718
0.6304230833193287
0.6304973749211058
0.6303957083728164
0.6303190833423287
0.6230438333004713
0.626440416672267
0.620158166741021
0.6304069582838565
0.6287936249282211
0.6266936665633693
0.6266668332973495
0.6296811666106805
0.6268134999554604
0.6304994584061205
0.6257281666621566
0.6261858750367537
0.619984041666612
0.6306875416776165
0.6303943333914503
0.6305464999750257
0.6304680416360497
0.6264018332585692
0.6305071250535548
0.6303845416987315
0.6263742082519457
0.6305381250567734
0.6263558333739638
0.6261790416901931
0.6258687917143106
0.6304645832860842
0.6304187499918044
0.6295637500006706
0.6267285000067204
0.6274898332776502
0.6253167917020619
0.6281489999964833
0.629874249920249
0.6304276250302792
0.6304099583067
0.630417333333753
0.6289297083858401
0.624098000000231
0.6257397083099931
0.6304227916989475
0.6264108333270997
0.6271691666916013
0.6303766666678712
0.630187249975279
0.6303944999817759
0.6303823333000764
0.6303479583002627
0.6304598749848083

(GCD, average, 6 tasks) Done in an average of 0.6284563687490299 seconds.

Running BenchApp.SpawnManyWaiting:runGCD with 8 task(s) and 110 iteration(s).

0.8404225416015834
0.8406132917152718
0.8368141666287556
0.8217755833175033
0.8254543333314359
0.8404387916671112
0.8347380833001807
0.8406603749608621
0.8405687917256728
0.8365857083117589
0.8323259166209027
0.8357292916625738
0.8405060417717323
0.8405670416541398
0.8360957084223628
0.8404639583313838
0.8396701250458136
0.8404740416444838
0.8276551250601187
0.8335492083569989
0.83679500001017
0.8405134583590552
0.8363492499338463
0.8403604166815057
0.8406497499672696
0.8407822083681822
0.8404905833303928
0.840437583392486
0.8361924582859501
0.8405067917192355
0.8319221250712872
0.8376250833971426
0.8406898332759738
0.8405587917659432
0.8405372917186469
0.8406379582593217
0.8404677499784157
0.8406770000001416
0.8364089166279882
0.8196954999584705
0.8322735417168587
0.840488416608423
0.8372576249530539
0.8406440833350644
0.832697291742079
0.8406495417002589
0.840699041611515
0.8319576249923557
0.840479375096038
0.8407232083845884
0.8358224165858701
0.8360717500327155
0.839151291642338
0.8405439166817814
0.8404201250523329
0.838731124997139
0.8279572500614449
0.8384155000094324
0.8405680833384395
0.8405850833514705
0.8381975833326578
0.8406628333032131
0.8399313749978319
0.8401228750590235
0.8405142083065584
0.8404905833303928
0.8404520000331104
0.8405095416819677
0.8368101249216124
0.8405439583584666
0.8405749166850001
0.8406153749674559
0.8404971249401569
0.8407074166461825
0.8364267917349935
0.8377257083775476
0.8405756249558181
0.8405403749784455
0.8405784167116508
0.8404880834277719
0.840535124996677
0.8407105000223964
0.8397676666500047
0.8323016666108742
0.8358967916574329
0.8405421666102484
0.833557041711174
0.8307860416825861
0.8405605832813308
0.840552999987267
0.840589958243072
0.8406147500500083
0.840548541629687
0.8400213749846444
0.8404816667316481
0.8411779999732971
0.8405367083614692
0.8392748750047758
0.8405455000465736
0.8197604584274814
0.8323678333545104
0.8359260832658038
0.83664966665674
0.8406231249682605
0.8405243750894442
0.8198216666933149
0.836425416637212
0.8371363332262263
0.8405257916310802
0.8319763334002346

(GCD, average, 8 tasks) Done in an average of 0.8379317445890047 seconds.

Running BenchApp.SpawnManyWaiting:runGCD with 10 task(s) and 110 iteration(s).

1.0507227916968986
1.0503238750388846
1.0501704583875835
1.042496041744016
1.0421012917067856
1.045139875030145
1.0451274999650195
1.039667124976404
1.0461054582847282
1.0355210833949968
1.0379939583363011
1.042061374988407
1.0501999583793804
1.046097750077024
1.0506939582992345
1.0479327916400507
1.0498898333171383
1.0389005832839757
1.0506427499931306
1.0502509999787435
1.0417664166307077
1.0487422499572858
1.05065045831725
1.0390826667426154
1.0501834999304265
1.0486690416000783
1.0421765833161771
1.050642833346501
1.0501190833747387
1.0466912917327136
1.037443000008352
1.0381025832612067
1.0500790416263044
1.0468028750037774
1.0420813333475962
1.0460932500427589
1.0483329166891053
1.0478038750588894
1.0500614582560956
1.0490541666513309
1.0502371250186116
1.0323255417170003
1.0297748333541676
1.0379455416696146
1.0506644583074376
1.0219216666882858
1.0497332082595676
1.0414332083892077
1.0505727916024625
1.0485725833568722
1.0459487499902025
1.0421045833500102
1.0429345415905118
1.0489369583083317
1.050142208347097
1.0380741666303948
1.0461040833033621
1.0424078333890066
1.0503106249962002
1.0459238750627264
1.050238750060089
1.0508399166865274
1.0453134999843314
1.0461184167070314
1.048392791650258
1.046176958247088
1.0470181666314602
1.0501790416892618
1.0457870416576043
1.0501443750690669
1.0477452500490472
1.0459897083928809
1.0460141249932349
1.0340228750137612
1.0459502916783094
1.0506042916094884
1.050090333330445
1.0501182082807645
1.0507426250260323
1.045521333348006
1.0380602916702628
1.0479581666877493
1.0505996666615829
1.0421396667370573
1.0219309999374673
1.0507767499657348
1.0333337916526943
1.0300247083650902
1.047945833299309
1.0337285415735096
1.0382927083410323
1.050022333394736
1.0506898750318214
1.0506715417141095
1.0507511666510254
1.0460482916096225
1.0420906665967777
1.0420519165927544
1.0501122499117628
1.0326985417632386
1.0461385833332315
1.0418265833286569
1.046169999986887
1.0506236667279154
1.0460845832712948
1.050230749999173
1.0484270000597462
1.046825833269395
1.0357132082572207
1.0507156667299569

(GCD, average, 10 tasks) Done in an average of 1.0451500274974388 seconds.

Benchmark done
