Pressed 'Run benchmark'
About to run 'Swift concurrency'-version of SpawnManyWaiting with batch mode: true
Running BenchApp.SpawnManyWaiting:runAsync with 2 task(s) and 110 iteration(s).

0.21902904158923775
0.20770166674628854
0.22039562498684973
0.22038683330174536
0.21540674997959286
0.2069177917437628
0.20205212500877678
0.20200995833147317
0.20199029159266502
0.20211974997073412
0.21348308341111988
0.20201491669286042
0.20207179163116962
0.20214037492405623
0.20191333326511085
0.21360566664952785
0.20202633331064135
0.20123749994672835
0.20214783330447972
0.20195004157721996
0.21361291664652526
0.2019768749596551
0.2019737083464861
0.20219074992928654
0.20189758331980556
0.21372829168103635
0.2128108333563432
0.21446445840410888
0.2168212083633989
0.21633162500802428
0.21360791672486812
0.21946879173628986
0.21007995842956007
0.2131129999179393
0.20201400003861636
0.20972504164092243
0.2056450416566804
0.20203045825473964
0.20188108331058174
0.201980666606687
0.21276500006206334
0.20203116675838828
0.20203808334190398
0.21931745833717287
0.2165293333819136
0.21345320832915604
0.21976754174102098
0.21671062509994954
0.216467791586183
0.21666795830242336
0.21363400004338473
0.20206933340523392
0.20199545833747834
0.21272199996747077
0.22030366666149348
0.21355637500528246
0.20212262507993728
0.20194033335428685
0.20735745842102915
0.22042070829775184
0.21353854169137776
0.20407400000840425
0.2058087083278224
0.2113282916834578
0.22031379165127873
0.22032654169015586
0.21540387510322034
0.21363004168961197
0.20199366670567542
0.20206183334812522
0.20207150001078844
0.20214654167648405
0.2134780416963622
0.20201025006826967
0.20205170824192464
0.2020139165688306
0.20208054163958877
0.213539749966003
0.20197654166258872
0.20203862490598112
0.20215141668450087
0.2018953749211505
0.21355604159180075
0.20209795830305666
0.2020901667419821
0.2199427499435842
0.21342483325861394
0.2136554999742657
0.2020374999847263
0.20209308341145515
0.20200783340260386
0.201953541720286
0.21359262499026954
0.20203354163095355
0.20206124999094754
0.20209104160312563
0.20209924993105233
0.21348166663665324
0.20195645827334374
0.21039745828602463
0.22054737503640354
0.21484362496994436
0.21351483324542642
0.20198345836251974
0.20201200002338737
0.20163333334494382
0.2019532499834895
0.21355216670781374
0.20490370830520988
0.2204270833171904

(async, average, 2 tasks) Done in an average of 0.20821692041470669 seconds.

Running BenchApp.SpawnManyWaiting:runAsync with 4 task(s) and 110 iteration(s).

0.4408112916862592
0.4157929582288489
0.40422854165080935
0.4213776666438207
0.4157319166697562
0.4040357917547226
0.42235958331730217
0.4156385416863486
0.4039982500253245
0.4062927083577961
0.4039482499938458
0.40415183338336647
0.4314596666954458
0.4405965416226536
0.41623904171865433
0.4165034167235717
0.403994333348237
0.4315598333487287
0.4158849165542051
0.4041782916756347
0.4333666249876842
0.43328608328010887
0.43319012492429465
0.42977120843715966
0.43661924998741597
0.4332275416236371
0.4333686666795984
0.4093811665661633
0.4041121667250991
0.4155018749879673
0.42706562497187406
0.43620508338790387
0.41562491666991264
0.4040276249870658
0.4223563333507627
0.43352612503804266
0.4407431250438094
0.44070554175414145
0.42848983337171376
0.4258272915612906
0.4315402917563915
0.44056991662364453
0.4379801250761375
0.41574462491553277
0.4042471667053178
0.4138470833422616
0.4132390833692625
0.4160687082912773
0.4156987917376682
0.40416791674215347
0.42233970831148326
0.4156765416264534
0.4041480834130198
0.43843708327040076
0.41576958331279457
0.40396687493193895
0.42244341666810215
0.44063020835164934
0.4406115000601858
0.43245537497568876
0.44058545830193907
0.43814283329993486
0.43905499996617436
0.4406990415882319
0.4407664166064933
0.4368253332795575
0.42192449991125613
0.41556808329187334
0.40417754161171615
0.4221559166908264
0.42366974998731166
0.4353232500143349
0.43332112510688603
0.4159094584174454
0.40402233332861215
0.42244679166469723
0.42889229173306376
0.40412850002758205
0.41573629167396575
0.4041460417211056
0.4225628749700263
0.4405796250794083
0.42441779165528715
0.4314352083019912
0.4066750416532159
0.4169846666045487
0.4154772915644571
0.4041954167187214
0.4222402083687484
0.4157765000127256
0.4039280416909605
0.4223604167345911
0.41576987504959106
0.40410966658964753
0.42265166668221354
0.4038415832910687
0.40409741667099297
0.43119074997957796
0.43522549991030246
0.4408532500965521
0.4406032500555739
0.44010999996680766
0.41301620833110064
0.41568458336405456
0.4098772917641327
0.44069504167418927
0.4158490833360702
0.40392712492030114
0.42215912498068064
0.4348102082731202

(async, average, 4 tasks) Done in an average of 0.4224309508339502 seconds.

Running BenchApp.SpawnManyWaiting:runAsync with 6 task(s) and 110 iteration(s).

0.6610427916748449
0.6172523333225399
0.6164629167178646
0.6553984582424164
0.6260071666911244
0.6061915833270177
0.6424981249729171
0.6176619583275169
0.6178273750701919
0.6610292915720493
0.6351658332860097
0.6060943333432078
0.638093208312057
0.6271317916689441
0.660716374986805
0.6493373333942145
0.6445595833938569
0.6560087916441262
0.6610848333220929
0.6610728750238195
0.6571028750622645
0.644306083326228
0.6178869584109634
0.6190885417163372
0.6177618749206886
0.6245053333695978
0.6084121249150485
0.6244098750175908
0.651465458329767
0.6610757083399221
0.6609797499841079
0.6511887916130945
0.6179767083376646
0.6162941666552797
0.6179541250457987
0.6335870833136141
0.6601477083750069
0.6433125417679548
0.6167634999146685
0.6609340000431985
0.6174943333026022
0.6323696249164641
0.6330200000666082
0.6405118749244139
0.661092666676268
0.6515835833270103
0.6209057082887739
0.6428159583592787
0.6494152083760127
0.6611146666109562
0.6609425416681916
0.6538250416051596
0.6519789999583736
0.624652500031516
0.6179281250806525
0.6244827084010467
0.6375210416736081
0.6427642083726823
0.6572409166255966
0.6609356667613611
0.6549527916358784
0.6518532499903813
0.6305799999972805
0.6335538333514705
0.6609126665862277
0.6599370833719149
0.6612846249481663
0.6386097917566076
0.6177959584165365
0.6228775416966528
0.6061010416597128
0.6383062916575
0.651821166742593
0.6593792916974053
0.6229152083396912
0.626626625075005
0.6611129583325237
0.6417335417354479
0.6061374583514407
0.6296644166577607
0.6174201666144654
0.6243194582639262
0.6493816250003874
0.6612215416971594
0.6060830416390672
0.6335746250115335
0.6609956249594688
0.6599966249195859
0.6180558749474585
0.6224381666397676
0.633519749972038
0.6378990833181888
0.6352831666590646
0.6427799583179876
0.6610895416233689
0.6541634167078882
0.661086208303459
0.6561608749907464
0.6229727083118632
0.6335220417240635
0.6598478750092909
0.6577604167396203
0.6178325833752751
0.6243409999879077
0.6591761666350067
0.6360072500538081
0.6115473749814555
0.6426578334067017
0.6610301666660234
0.6462546249385923

(async, average, 6 tasks) Done in an average of 0.6397158787527587 seconds.

Running BenchApp.SpawnManyWaiting:runAsync with 8 task(s) and 110 iteration(s).

0.8200592499924824
0.8336822499986738
0.8418483333662152
0.8634571667062119
0.8200565832667053
0.8536932916613296
0.8677869999082759
0.8201377083314583
0.8476759166223928
0.8448440416250378
0.8389895416330546
0.8669372916920111
0.8359388333046809
0.8354330416768789
0.8265765834366903
0.8750352499773726
0.8477849999908358
0.809455250040628
0.8630331666208804
0.8574826666153967
0.8738777083344758
0.8633582500042394
0.8706407499266788
0.8733956250362098
0.8199427917134017
0.8451424166560173
0.8685564999468625
0.8200055416673422
0.855820249998942
0.8328637500526384
0.8547391666797921
0.8197985416045412
0.8775872499682009
0.8419937917497009
0.8200547916349024
0.8533587916754186
0.8631006666691974
0.8220264166593552
0.8715698333689943
0.8790553333237767
0.8200256667332724
0.8576335416873917
0.8748289584182203
0.8082699166843668
0.8477150000398979
0.8200647500343621
0.8158034583320841
0.8214934166753665
0.8173584999749437
0.8197959166718647
0.8512194999493659
0.8443945000180975
0.8199823750182986
0.8628628333099186
0.8813265833305195
0.8305237917229533
0.8639448333997279
0.8787105833180249
0.8608788750134408
0.8200666250195354
0.8617752500576898
0.8768760416423902
0.8716062082676217
0.8197485000127926
0.859315583249554
0.8788041666848585
0.8201541249873117
0.8598121666582301
0.8819380417698994
0.8082248333375901
0.8721297916490585
0.8746122916927561
0.8201012499630451
0.8523585416842252
0.8814386666053906
0.8544821250252426
0.8198196250014007
0.8482134166406468
0.8747152916621417
0.8198613333515823
0.8553834583144635
0.8371606250293553
0.8666767083341256
0.8223630000138655
0.8380082916701213
0.8199234582716599
0.8264380416367203
0.8191947917221114
0.8755975833628327
0.8735326250316575
0.8199273749487475
0.8211334999650717
0.8396443333476782
0.8571529582841322
0.8200196250109002
0.8629852083977312
0.8138536250917241
0.8603277083020657
0.8728224582737312
0.8315022916067392
0.8199221667600796
0.8707786666927859
0.8447705833241343
0.8721423334209248
0.8786988334031776
0.8448188749607652
0.8200613333610818
0.8629126249579713
0.8233629582682624
0.819836208363995

(async, average, 8 tasks) Done in an average of 0.8464739391708281 seconds.

Running BenchApp.SpawnManyWaiting:runAsync with 10 task(s) and 110 iteration(s).

1.085168999969028
1.0720416666008532
1.098571666632779
1.032802875037305
1.0222119999816641
1.0221745417220518
1.0222449166467413
1.0219074999913573
1.022076458320953
1.0511175416177139
1.0219161249697208
1.0219452916644514
1.0673579167341813
1.0849993333686143
1.021867458242923
1.0218738749390468
1.040011000004597
1.0219079999951646
1.0724639584077522
1.0220538333524019
1.021606041584164
1.021749583305791
1.0220579999731854
1.0221285416046157
1.0220382916741073
1.0220674166921526
1.0219806666718796
1.0220055415993556
1.0220936666009948
1.0742317500989884
1.0219285832718015
1.0881203333847225
1.022191416588612
1.0222480000229552
1.0219865833641961
1.079451166675426
1.0103827917482704
1.0217910833889619
1.0402674583019689
1.0389880000147969
1.0218571667792276
1.0220928749768063
1.0221286667510867
1.022019875003025
1.0274821249768138
1.022176833357662
1.0220420833211392
1.0554052500519902
1.0704240000341088
1.094409416662529
1.0219717916334048
1.0219365833327174
1.08769949991256
1.0219444583635777
1.0218775833491236
1.053341666702181
1.021989208413288
1.0834417917067185
1.0828832916449755
1.087640416692011
1.0855709583265707
1.0219508750597015
1.0220458334079012
1.0337224999675527
1.021628874936141
1.0218712500063702
1.0219691667007282
1.0644901250489056
1.0220848333556205
1.0380322500132024
1.021912333322689
1.0724349583033472
1.022077125031501
1.021344416658394
1.0219151249621063
1.0220991666428745
1.021914624958299
1.0218744584126398
1.0218844166956842
1.021962666651234
1.0220778749790043
1.0220237916801125
1.0219627084443346
1.0220309166470543
1.030723458272405
1.0219973749481142
1.021995541639626
1.0121744583593681
1.0820848334114999
1.100451416685246
1.0743700832827017
1.0738510417286307
1.0914559999946505
1.0736661249538884
1.0221023749327287
1.0859836250310764
1.1016513333888724
1.0518680417444557
1.0221914167050272
1.0220365832792595
1.0219983332790434
1.0218906666850671
1.0221224583219737
1.0507701250026003
1.0699418333824724
1.0979443750111386
1.0220657916506752
1.0801828750409186
1.0191682917065918
1.0220071667572483

(async, average, 10 tasks) Done in an average of 1.0394805316731799 seconds.

Benchmark done
