Pressed 'Run benchmark'
About to run 'GCD'-version of SpawnManyWaiting with batch mode: true
Running BenchApp.SpawnManyWaiting:runGCD with 2 task(s) and 110 iteration(s).

0.21015254163648933
0.21008908341173083
0.20819749997463077
0.21015945833642036
0.21008912508841604
0.21011516661383212
0.21014225005637854
0.20537837501615286
0.2074333749478683
0.21021741663571447
0.2101228750543669
0.2102068749954924
0.21010362496599555
0.21017212490551174
0.2101274583255872
0.21016608329955488
0.2101846250006929
0.2100722499890253
0.21015900000929832
0.2101037916727364
0.2101202083285898
0.21027141658123583
0.20518137502949685
0.2101513750385493
0.21010708331596106
0.2066431667190045
0.21006133337505162
0.20993120840284973
0.2100619167322293
0.21013620833400637
0.2100479999789968
0.2102065415820107
0.20865408331155777
0.21007754164747894
0.21009208331815898
0.2101041249698028
0.2101417500525713
0.20941920834593475
0.21017124992795289
0.21012041671201587
0.20770491659641266
0.2074642499210313
0.20813808334060013
0.2100790833355859
0.21010287501849234
0.2100937917130068
0.210155833279714
0.20523404167033732
0.20205620839260519
0.2101088750641793
0.21014204167295247
0.2101277500623837
0.2052768749417737
0.20199037494603544
0.20532616670243442
0.2101116667035967
0.21011179173365235
0.2100510000018403
0.21007779170759022
0.2101187501102686
0.21011941670440137
0.21008887502830476
0.21007625001948327
0.2100982083939016
0.2100846249377355
0.21010204160120338
0.2101585833588615
0.20535329170525074
0.20202720840461552
0.20205341663677245
0.2101339999353513
0.2101062498986721
0.20540166669525206
0.2060485415859148
0.21009708335623145
0.20811141666490585
0.2100849583512172
0.2094423749949783
0.21004995831754059
0.21008404169697315
0.21014395833481103
0.2100520000094548
0.2059451249660924
0.2100711667444557
0.20923345838673413
0.21014079172164202
0.21010320831555873
0.2055723749799654
0.20606554171536118
0.21013758331537247
0.2101394583005458
0.21012870827689767
0.20629245834425092
0.2100582499988377
0.2101599583402276
0.21006979164667428
0.21012149995658547
0.21007370832376182
0.210095833404921
0.21009920828510076
0.21011229162104428
0.21009724994655699
0.20547008328139782
0.2020151666365564
0.20197024999652058
0.2020446666283533
0.21005829167552292
0.2094217917183414
0.21013762499205768
0.21011108334641904

(GCD, average, 2 tasks) Done in an average of 0.20883455958333796 seconds.

Running BenchApp.SpawnManyWaiting:runGCD with 4 task(s) and 110 iteration(s).

0.42024016671348363
0.41872458334546536
0.42024133331142366
0.4202185833128169
0.4155128333950415
0.4161205416312441
0.42023108329158276
0.41538650006987154
0.42031945823691785
0.42024712497368455
0.4202502917032689
0.41329637507442385
0.42020024999510497
0.4201890416443348
0.4202089583268389
0.4201990416040644
0.4198852082481608
0.42019366659224033
0.4156063332920894
0.40416408341843635
0.42022245831321925
0.4157618749886751
0.4184719999320805
0.41872862505260855
0.4202331666601822
0.41570708330255
0.415461833239533
0.41204183327499777
0.4201729166088626
0.42022891668602824
0.41824129165615886
0.4185133334249258
0.41567633335944265
0.41976200009230524
0.4201756250113249
0.4149188749724999
0.41955208336003125
0.4202100000111386
0.4202452916651964
0.4202126666205004
0.4202578749973327
0.4202661250019446
0.4081747499294579
0.42024262505583465
0.42018266662489623
0.4202239166479558
0.42023479170165956
0.42023175000213087
0.4155217499937862
0.4119130000472069
0.42015937506221235
0.419475624919869
0.4202613749075681
0.4202081250259653
0.4202100000111386
0.4202141249552369
0.420200000051409
0.4202624167082831
0.4202116249362007
0.42023375001735985
0.40404212509747595
0.40409870829898864
0.42016249999869615
0.4159703749464825
0.4203034166712314
0.41750649991445243
0.4157486667390913
0.42023654165677726
0.4164122083457187
0.4201832916587591
0.4202507500303909
0.4155312916263938
0.4156283749034628
0.42022825009189546
0.4202038332587108
0.4201326665934175
0.42022620828356594
0.4190020833630115
0.4171220416901633
0.4202492500189692
0.41608862509019673
0.42028858326375484
0.41959458333440125
0.4154749165754765
0.4201776667032391
0.41549283324275166
0.41611745837144554
0.42020625004079193
0.41861699998844415
0.4202580415876582
0.42030941671691835
0.42021966667380184
0.4203153334092349
0.42022654169704765
0.42018995829857886
0.4203244582749903
0.415577125037089
0.4081390416249633
0.4201205417048186
0.4154962500324473
0.42021833336912096
0.4202962917042896
0.41560441663023084
0.4123522082809359
0.41621400008443743
0.4201626665890217
0.4201771250227466
0.4203602916095406
0.4202366250101477
0.4204240000108257

(GCD, average, 4 tasks) Done in an average of 0.41809936457895674 seconds.

Running BenchApp.SpawnManyWaiting:runGCD with 6 task(s) and 110 iteration(s).

0.6302235834300518
0.6256412083748728
0.6303092916496098
0.6154829583829269
0.6221807083347812
0.63027800002601
0.6303752500098199
0.6268465417670086
0.6303184583084658
0.6297221666900441
0.6290707499720156
0.625814541708678
0.6251305416226387
0.6303463750518858
0.630450208322145
0.630346208345145
0.6271239999914542
0.629224666627124
0.6303373333066702
0.63032495835796
0.6290507082594559
0.6303033333970234
0.6303104583639652
0.6303233749931678
0.630373541614972
0.6256544583011419
0.6304795832838863
0.6303329166257754
0.6261103333672509
0.6302187916589901
0.6303599165985361
0.6270469583105296
0.6281711250776425
0.6302312082843855
0.6294871249701828
0.6302703333785757
0.6304099166300148
0.6302192083094269
0.6303959999931976
0.6303997916402295
0.6272749584168196
0.6302392915822566
0.6304122499423102
0.6303340416634455
0.6302734583150595
0.6297359999734908
0.6258587499614805
0.6301730416016653
0.6253235000185668
0.6304138333071023
0.6303067499538884
0.6304521666606888
0.6282352083362639
0.6303391249384731
0.6303096666233614
0.6302920832531527
0.6303447916870937
0.6303304583998397
0.6256035000551492
0.6293076666770503
0.6301921249832958
0.6303165833232924
0.6303782917093486
0.6297281666193157
0.6303368749795482
0.6302535833092406
0.6303906666580588
0.6303559999214485
0.6303084582323208
0.6304004583507776
0.6208715833490714
0.625784833333455
0.6303351667011157
0.6304579583229497
0.6287360000424087
0.6270677084103227
0.6260986666893587
0.6304196249693632
0.6248998333467171
0.6296373750083148
0.6299334166105837
0.6303861667402089
0.6270263333572075
0.630360750015825
0.6270369166741148
0.6303282500011846
0.6303315834375098
0.6176889167400077
0.6142412082990631
0.6268304582918063
0.6302591250278056
0.6303704166784883
0.6302822083234787
0.6303430834086612
0.6302247083513066
0.6216722499812022
0.6303203332936391
0.6127687917323783
0.6223113749874756
0.6282379582989961
0.6272945833625272
0.630277750082314
0.6302826249739155
0.6176406666636467
0.614149458357133
0.6304800416110083
0.6302261250093579
0.6303514583269134
0.6303477082401514
0.6302042083116248

(GCD, average, 6 tasks) Done in an average of 0.6284305804118049 seconds.

Running BenchApp.SpawnManyWaiting:runGCD with 8 task(s) and 110 iteration(s).

0.8404687916627154
0.8324003333691508
0.8403649165993556
0.840504958294332
0.8259220833424479
0.8363065832527354
0.8405988332815468
0.8377568334108219
0.8403595000272617
0.8404669583542272
0.8356710416264832
0.8360676249722019
0.8370620833011344
0.8374222916318104
0.8404866249766201
0.8403773333411664
0.8372202916070819
0.8346850000089034
0.8349870833335444
0.8366559583228081
0.8381232917308807
0.8366158333374187
0.8398061665939167
0.8384253749391064
0.8405658333795145
0.8379730000160635
0.8357168333604932
0.8204009999753907
0.8329142500879243
0.8388921666191891
0.8354130416410044
0.8356934166513383
0.8349351666402072
0.8403294165618718
0.839653666713275
0.8404542916687205
0.8376608332619071
0.8324607500107959
0.8404282917035744
0.8404293333878741
0.8404746250016615
0.840588541701436
0.8400138749275357
0.8348794999765232
0.8386417499277741
0.8403717500623316
0.8383611667668447
0.8362373750424013
0.8403903750004247
0.8405014167074114
0.8364152916474268
0.8404431249946356
0.8405577499652281
0.8370078334119171
0.8403811249881983
0.8404897917062044
0.8361583333462477
0.8404178749769926
0.8404861249728128
0.8392891250550747
0.8275524167111143
0.8404482917394489
0.8353055833140388
0.8370140832848847
0.8404994583688676
0.8378617083653808
0.8404892499092966
0.8404867083299905
0.8403891249326989
0.8404134584125131
0.8404967084061354
0.8404384583700448
0.8404572083381936
0.840492416638881
0.8188303334172815
0.8370421667350456
0.8404227084247395
0.8404865834163502
0.8403952916851267
0.8404327082680538
0.835876458324492
0.8355120416963473
0.8395661250688136
0.8313675000099465
0.8283963749418035
0.8405281250597909
0.8298032500315458
0.8406424166169018
0.8404464584309608
0.8404502082848921
0.840540291625075
0.8364387917099521
0.8294072916032746
0.8405296667478979
0.8404106249799952
0.8404907915974036
0.83616666670423
0.8403078749543056
0.8277832083404064
0.8405457916669548
0.8403748333221301
0.8343721249839291
0.8370724166743457
0.8405707916244864
0.8399136249208823
0.8405127917649224
0.839375083334744
0.836862750002183
0.8354703750228509
0.8404990416020155

(GCD, average, 8 tasks) Done in an average of 0.8376982250029686 seconds.

Running BenchApp.SpawnManyWaiting:runGCD with 10 task(s) and 110 iteration(s).

1.050478250021115
1.0506204166449606
1.0504797083558515
1.0469374166568741
1.0486057916423306
1.045430083409883
1.0507890000008047
1.0505697500193492
1.0499229999259114
1.029916666680947
1.0415740000316873
1.0487949582748115
1.0503991666482762
1.050496333395131
1.0418436666950583
1.0505329583538696
1.0498604166787118
1.05059787502978
1.0459738333011046
1.0390264167217538
1.045359208364971
1.0420121250208467
1.050516958348453
1.0414229583693668
1.0461347083328292
1.0460525417001918
1.0500988333951682
1.0500479999464005
1.0218923749634996
1.020285208360292
1.05058445839677
1.0434405416017398
1.0219590833876282
1.0505455415695906
1.045255500008352
1.0505063750315458
1.0260380416875705
1.0464280833257362
1.0406232500681654
1.0371713750064373
1.0297492500394583
1.0495917500229552
1.0378397916210815
1.0505874999798834
1.0483592917444184
1.0377407500054687
1.049973541754298
1.0372168750036508
1.046570000005886
1.0394877915969118
1.0506237082881853
1.0499818333191797
1.0459230416454375
1.0460318749537691
1.045807250076905
1.0374763333238661
1.0494303749874234
1.050342541653663
1.0463200834346935
1.0480477917008102
1.0464609167538583
1.0482215416850522
1.0506612916942686
1.0377876666607335
1.046860916656442
1.0429348333273083
1.0498767499811947
1.0293358333874494
1.042176750022918
1.0484738333616406
1.048981958301738
1.0485143749974668
1.0476630832999945
1.0500815833220258
1.0449599582934752
1.0464381250785664
1.0504894583718851
1.041547583299689
1.041877374984324
1.0430433750152588
1.0468535833060741
1.0481967499945313
1.0457434584386647
1.0475981666240841
1.041847916552797
1.050240583368577
1.0467809166293591
1.0504837916232646
1.0392892500385642
1.0413238750770688
1.0475625415565446
1.041785000008531
1.0463466250803322
1.0488380832830444
1.0505761250387877
1.0477319166529924
1.0419022500282153
1.0505198333412409
1.046521250042133
1.0504255833802745
1.0506337916012853
1.0210870833834633
1.046054125064984
1.046775541617535
1.0432078333105892
1.0464819583576173
1.0469733333447948
1.0461109166499227
1.0483290000120178
1.0500522083602846

(GCD, average, 10 tasks) Done in an average of 1.0447523666743654 seconds.

Benchmark done
