Pressed 'Run benchmark'
About to run 'Swift concurrency'-version of SpawnManyWaiting with batch mode: true
Running BenchApp.SpawnManyWaiting:runAsync with 2 task(s) and 110 iteration(s).

0.21378016658127308
0.22034495824482292
0.21060695825144649
0.21692820836324245
0.2145601665833965
0.21611575002316386
0.2203814584063366
0.220424999948591
0.22036416665650904
0.21230762510094792
0.21370675007347018
0.2020744999172166
0.2020834166323766
0.20212775003165007
0.21476120839361101
0.20090254163369536
0.2169156667077914
0.2203824584139511
0.2121650833869353
0.21117583336308599
0.2136887499364093
0.20210416661575437
0.20201875001657754
0.20969562500249594
0.22034783335402608
0.21361112501472235
0.20203379169106483
0.20202216668985784
0.2019186249235645
0.20204266672953963
0.2135561666218564
0.20198241667822003
0.20204512495547533
0.20799316663760692
0.22033879172522575
0.21343745838385075
0.2020655000815168
0.2020597499795258
0.21880204160697758
0.2204009999986738
0.21359837497584522
0.20202604169026017
0.20200100005604327
0.20201229164376855
0.20207837503403425
0.21355404169298708
0.20209100004285574
0.20208345830906183
0.20197554177138954
0.2020251250360161
0.21350329171400517
0.2021067083114758
0.20196112501434982
0.20204200001899153
0.2020433333236724
0.21358704171143472
0.2020600832765922
0.201902125030756
0.20196783333085477
0.2020111249294132
0.21348137489985675
0.20216166658792645
0.2019418750423938
0.2020422499626875
0.20214829163160175
0.21349970833398402
0.2020658750552684
0.2019806249300018
0.20199662493541837
0.20210041664540768
0.21343687491025776
0.20213637501001358
0.21680466667748988
0.21660733339376748
0.2106210832716897
0.21351112506818026
0.2019474166445434
0.20197966659907252
0.20204179175198078
0.20203625003341585
0.21341887500602752
0.20205416670069098
0.2020110833691433
0.20209504174999893
0.20192429167218506
0.2135393749922514
0.2019864999456331
0.20199512504041195
0.21585004159715027
0.2203509584069252
0.21374254173133522
0.2020542500540614
0.20201441668905318
0.20220749999862164
0.20198037498630583
0.21367695834487677
0.2082671249518171
0.22030108340550214
0.22029666660819203
0.22032620827667415
0.21365970827173442
0.20202362490817904
0.20205858326517045
0.2020532916067168
0.20988654159009457
0.2134722915943712
0.20200204174034297
0.2020029166014865
0.20202495832927525
0.20214241661597043

(async, average, 2 tasks) Done in an average of 0.20711050291545688 seconds.

Running BenchApp.SpawnManyWaiting:runAsync with 4 task(s) and 110 iteration(s).

0.4157094166148454
0.4041064582997933
0.42256229172926396
0.4359116666018963
0.40414533333387226
0.42417320830281824
0.41574112500529736
0.4041687917197123
0.42230879166163504
0.4316608749795705
0.4040561249712482
0.4315790416439995
0.4407780834008008
0.41625412506982684
0.43144833331461996
0.4407201666617766
0.4364617499522865
0.4156480000820011
0.4042057499755174
0.42417904164176434
0.41593191667925566
0.4041471666423604
0.42221091664396226
0.41568724997341633
0.40399495826568455
0.4196617917623371
0.40416616667062044
0.40410804166458547
0.41565962496679276
0.4040244583738968
0.4224874166538939
0.4072833750396967
0.44042129162698984
0.44071562495082617
0.42949925002176315
0.4316943750018254
0.44062545837368816
0.4157652499852702
0.40401279169600457
0.43713941669557244
0.4384622082579881
0.4041277082869783
0.41360062500461936
0.41297200007829815
0.43317162501625717
0.4365658749593422
0.4265917500015348
0.4040584999602288
0.4157247915863991
0.40425637492444366
0.42224266671109945
0.4157878750702366
0.40416416665539145
0.42224200000055134
0.4187268333043903
0.4405835416400805
0.44068470841739327
0.4226340000750497
0.4041351249907166
0.4156404583482072
0.41544308327138424
0.44089716661255807
0.4149603333789855
0.4406893333652988
0.43812020833138376
0.43453354167286307
0.428111583343707
0.43330891663208604
0.4332025833427906
0.43325795826967806
0.4331408750731498
0.4333105416735634
0.43328600004315376
0.4039880415657535
0.42260283324867487
0.43317049997858703
0.4331810832954943
0.4365204166388139
0.424911875044927
0.4040252083214
0.4036177082452923
0.4156165833119303
0.4041797500103712
0.4222433333052322
0.4319972499506548
0.42827133333776146
0.42823075002525
0.41579045832622796
0.43179979163687676
0.4282841666135937
0.428129916661419
0.42467229161411524
0.42413137503899634
0.4210169166326523
0.4283012084197253
0.4157090000808239
0.40410487505141646
0.42739308334421366
0.43322570831514895
0.4332258333452046
0.4332840833812952
0.4183737082639709
0.4313691249117255
0.4332999166799709
0.4332729165907949
0.41653412498999387
0.42681279161479324
0.4331670000683516
0.433200458297506
0.42119070840999484

(async, average, 4 tasks) Done in an average of 0.42322048041271043 seconds.

Running BenchApp.SpawnManyWaiting:runAsync with 6 task(s) and 110 iteration(s).

0.6151414166670293
0.6444600416580215
0.6409364165738225
0.6552731666015461
0.6499704166781157
0.6498135833535343
0.6392655000090599
0.6204389584017918
0.632941291667521
0.6404033750295639
0.6396237916778773
0.6414647083729506
0.6359251249814406
0.6474936250597239
0.617659916752018
0.6224730833200738
0.6178949166787788
0.6238123333314434
0.6175852917367592
0.6238632916938514
0.6608993750996888
0.6603924999944866
0.6179516665870324
0.6243250416591763
0.6178861249936745
0.6163222499890253
0.6422730833292007
0.6424620833713561
0.64235904160887
0.6423646666808054
0.6485334583558142
0.636195958359167
0.6424459166591987
0.6178790417034179
0.6538555832812563
0.6514422916807234
0.649942749994807
0.6497694998979568
0.6499619582900777
0.6500283333007246
0.6497606667689979
0.6332588333170861
0.6498747082659975
0.6571700832573697
0.6170545833883807
0.61745354172308
0.6177685833536088
0.6122169166337699
0.6332323333481327
0.66095670836512
0.6161020416766405
0.6609993333695456
0.6577705417294055
0.6579073750181124
0.6609806250780821
0.6178661250742152
0.6235580833163112
0.6228007500758395
0.6611294166650623
0.6332864583237097
0.6280897083925083
0.606205916730687
0.6503690000390634
0.6292654583230615
0.6177447916707024
0.6238430833909661
0.6179025833262131
0.6516282500233501
0.617412916617468
0.6243813749169931
0.6300408750539646
0.6335910416673869
0.6405014999909326
0.6317088333889842
0.6061206249287352
0.6176795416977257
0.6245155415963382
0.6179501250153407
0.6243064583977684
0.6178139167604968
0.6244414583779871
0.6180387500207871
0.6244645833503455
0.6191152917454019
0.6427347916178405
0.6608743750257418
0.6588928332785144
0.6178606250323355
0.6180516249733046
0.66092099994421
0.6430993750691414
0.6062304999213666
0.6303772083483636
0.6611529582878575
0.6549092916538939
0.6329598749289289
0.6611184583744034
0.6494244582718238
0.6426150832558051
0.660170583287254
0.6570382916834205
0.6233509166631848
0.6174023333005607
0.6149866249179468
0.6177565833786502
0.6244564583757892
0.6179579999297857
0.6154905416769907
0.606010333285667
0.6336605416145176

(async, average, 6 tasks) Done in an average of 0.6339286970871035 seconds.

Running BenchApp.SpawnManyWaiting:runAsync with 8 task(s) and 110 iteration(s).

0.880099791684188
0.8199360833968967
0.8628671667538583
0.862959083286114
0.8199379167053849
0.8174798749387264
0.8693205417366698
0.8449180416064337
0.8281994584249333
0.8446728750132024
0.8197805000236258
0.8628575000911951
0.864924916648306
0.8756708749569952
0.84931420837529
0.8536088332766667
0.819701666594483
0.8630589584354311
0.8491339166648686
0.8756610000273213
0.8198778750374913
0.8510930417105556
0.8446129582589492
0.8198991250246763
0.8517644583480433
0.8813211250817403
0.8249344166833907
0.8198743750108406
0.8628974999301136
0.863029083237052
0.8199555000755936
0.8172445833915845
0.8787062083138153
0.8348832082701847
0.8387736666481942
0.8355852499371395
0.8200036250054836
0.8405746666248888
0.826486749923788
0.8387158750556409
0.8663313332945108
0.8356749584199861
0.8630236249882728
0.8697696249000728
0.8576938332989812
0.8083452916471288
0.8199649166781455
0.8640075833536685
0.859125041635707
0.819451458286494
0.845510583370924
0.8812759582651779
0.8083345833001658
0.8718350833514705
0.8813229167135432
0.8199516666354612
0.8468210416613147
0.8722979583544657
0.8083199583925307
0.8200637917034328
0.8450333332875744
0.8813042499823496
0.8193586666602641
0.8180607917020097
0.8697689999826252
0.8443986667552963
0.8641663750167936
0.8616867082891986
0.8197935000061989
0.8402402499923483
0.8487503749784082
0.8661187082761899
0.819590958300978
0.8647358332527801
0.8450320833362639
0.8198923333548009
0.834272125037387
0.8812832500552759
0.8342317083152011
0.840897333342582
0.850260250037536
0.8198408333119005
0.8472143332473934
0.8552045415854082
0.8668071667198092
0.8628539165947586
0.8536233333870769
0.8642924999585375
0.8695493749110028
0.8200077917426825
0.8389765417668968
0.8448877501068637
0.8559665833599865
0.8197096666553989
0.8630378750385717
0.848979958333075
0.8200953750638291
0.8562114583328366
0.8585692916531116
0.8296306250849739
0.8641766249202192
0.8476225417107344
0.8200420833891258
0.8280674165580422
0.8348624999634922
0.8510107499314472
0.8594687916338444
0.8355742084095255
0.8201088333735242
0.8198479583952576

(async, average, 8 tasks) Done in an average of 0.8448818400001619 seconds.

Running BenchApp.SpawnManyWaiting:runAsync with 10 task(s) and 110 iteration(s).

1.0542911667143926
1.1015404999488965
1.094127666670829
1.0219816250028089
1.0416251249844208
1.0220557083375752
1.0222326249349862
1.0295749166980386
1.0885282083181664
1.022189624956809
1.0518363333540037
1.010294875013642
1.0393528334097937
1.0635109583381563
1.022078208392486
1.0220862083369866
1.0221098749898374
1.0221141249639913
1.021322958287783
1.0817454166244715
1.0222042083041742
1.0221624167170376
1.0895082500064746
1.094011374982074
1.0221324999583885
1.0220776665955782
1.0308171666692942
1.022015416645445
1.0221007916843519
1.0221296666422859
1.0218867498915642
1.0219152083154768
1.0929804584011436
1.0215509167173877
1.0221455417340621
1.0221714166691527
1.0220421666745096
1.0221105417003855
1.0596514582866803
1.079669333412312
1.031629916629754
1.0221025000791997
1.0219560832483694
1.0220978333381936
1.0220882500289008
1.091418583295308
1.0220425833249465
1.0220325416885316
1.0215714999940246
1.0215330417267978
1.0219770417315885
1.0220219999318942
1.0219868749845773
1.0216843333328143
1.0219195416430011
1.021942041697912
1.021878125029616
1.025914041674696
1.021879916661419
1.0219868334243074
1.0657076666830108
1.0651367083191872
1.0427914166357368
1.0218286250019446
1.0599432917078957
1.0218807499622926
1.021863833302632
1.0219340833136812
1.0219362083589658
1.0219709167722613
1.0970257084118202
1.02190470835194
1.0218809166690335
1.021981208352372
1.0218946249224246
1.0315586250508204
1.0220452083740383
1.0221305000595748
1.0222220832947642
1.0220691666472703
1.0219126666197553
1.0220439999829978
1.0220323749817908
1.0220602917252108
1.0460360000142828
1.0221467083320022
1.0220387083245441
1.0216267500072718
1.0219777083257213
1.0218102500075474
1.021835208288394
1.0219578749965876
1.064424250042066
1.0218983750091866
1.0213444583350793
1.057468333397992
1.0221205416601151
1.0220195000292733
1.0218755416572094
1.0635181666584685
1.0218393333489075
1.0220490833744407
1.021790000027977
1.0221405000193045
1.0220657916506752
1.0950989166740328
1.0835120416013524
1.0221968749538064
1.0234227500623092
1.021343583241105

(async, average, 10 tasks) Done in an average of 1.0324071145872586 seconds.

Benchmark done
