Pressed 'Run benchmark'
About to run 'Swift concurrency'-version of SpawnManyActors with batch mode: true
Running BenchApp.SpawnManyActors:runAsync with 100 actor(s) and 110 iteration(s).

0.0003891250817105174
0.0003529166569933295
0.00034766667522490025
0.00020812498405575752
0.00023849995341151953
0.00021299999207258224
0.00021154165733605623
0.00021112500689923763
0.00021108344662934542
0.00020362506620585918
0.00020199990831315517
0.00021354167256504297
0.00023170828353613615
0.00019866658840328455
0.00019741663709282875
0.00019729160703718662
0.0002253333805128932
0.00020279176533222198
0.0001985833514481783
0.0001974583137780428
0.00019762502051889896
0.00019754166714847088
0.00019754166714847088
0.0001990000018849969
0.0001981667010113597
0.00019741663709282875
0.00019737507682293653
0.00019774993415921926
0.00019741663709282875
0.00019774993415921926
0.00018162489868700504
0.0001486249966546893
0.00014879170339554548
0.00019441661424934864
0.00020670832600444555
0.00015004165470600128
0.0001487083500251174
0.0001488332636654377
0.00016574992332607508
0.00016637507360428572
0.0001501666847616434
0.00016091670840978622
0.0001674166414886713
0.0001945833209902048
0.00023241667076945305
0.0001493333838880062
0.00014887505676597357
0.00020504172425717115
0.00015199999324977398
0.000250541721470654
0.0001848334213718772
0.00015187496319413185
0.00017625000327825546
0.00015258323401212692
0.0001486249966546893
0.0001683332957327366
0.00016329169739037752
0.00017258338630199432
0.0001655416563153267
0.00017070828471332788
0.00016058329492807388
0.00016937509644776583
0.00015158334281295538
0.00015558337327092886
0.00013579160440713167
0.0001226667081937194
0.0001251667272299528
0.00013070832937955856
0.00011866667773574591
0.00011837494093924761
0.00013979163486510515
0.00012070836964994669
0.00012304168194532394
0.0001190833281725645
0.0001193750649690628
0.00013341661542654037
0.00012320838868618011
0.00012858340051025152
0.00012541667092591524
0.00013512501027435064
0.00014462496619671583
0.0001199166290462017
0.00011854164768010378
0.00013954169116914272
0.00011925003491342068
0.00011912500485777855
0.00012966664507985115
0.00011999998241662979
0.00011879159137606621
0.00011837494093924761
0.00013429159298539162
0.0001242499565705657
0.0001197917154058814
9.941670577973127e-05
0.00010224990546703339
9.933335240930319e-05
0.00010166666470468044
9.970832616090775e-05
0.00011758331675082445
0.00011599995195865631
0.00011300004553049803
0.0001105000264942646
0.00010820839088410139
9.929167572408915e-05
0.00010716670658439398
0.0001125832786783576
9.908329229801893e-05
0.00010408333037048578
0.00010133336763828993
0.00010429159738123417

(async, average, 100 actors) Done in an average of 0.00015246083028614522 seconds.

Running BenchApp.SpawnManyActors:runAsync with 200 actor(s) and 110 iteration(s).

0.0002226666547358036
0.00022187491413205862
0.00021854171063750982
0.0002218333538621664
0.0002233750419691205
0.00022458331659436226
0.00022179167717695236
0.00021820829715579748
0.00022187503054738045
0.00021829165052622557
0.00021895836107432842
0.00021837500389665365
0.00022170832380652428
0.00021829165052622557
0.00022179167717695236
0.00022475002333521843
0.00022166676353663206
0.00021820829715579748
0.000217916676774621
0.00022137491032481194
0.00022516667377203703
0.00022137502674013376
0.0002180415904149413
0.00021837500389665365
0.00021795823704451323
0.0002187499776482582
0.0002186250640079379
0.00022537505719810724
0.0002227500081062317
0.00021824997384101152
0.00022145826369524002
0.0002183333272114396
0.00021837500389665365
0.0002184166805818677
0.00021991669200360775
0.0002181249437853694
0.00022137502674013376
0.00022116664331406355
0.00021824997384101152
0.00022620835807174444
0.00021829165052622557
0.00022116664331406355
0.00022083334624767303
0.00021808326710015535
0.0002210000529885292
0.00021808326710015535
0.00021816662047058344
0.00021824997384101152
0.00022095837630331516
0.00021824997384101152
0.00021824997384101152
0.00019833329133689404
0.00015949993394315243
0.0001596666406840086
0.00016258342657238245
0.00016245839651674032
0.0001595417270436883
0.00016241671983152628
0.00016654166392982006
0.00016866670921444893
0.00015983334742486477
0.00016229168977588415
0.00016666657757014036
0.0001599583774805069
0.00015974999405443668
0.0001599583774805069
0.0001595832873135805
0.00015966675709933043
0.00015941669698804617
0.0001700833672657609
0.00015974999405443668
0.00015974999405443668
0.0001594583736732602
0.00016000005416572094
0.00016095838509500027
0.00015962508041411638
0.00015974999405443668
0.00015991658437997103
0.0001595417270436883
0.00015983334742486477
0.00015974999405443668
0.00016024999786168337
0.00016004161443561316
0.00016033335123211145
0.0001595417270436883
0.00015987490769475698
0.00016437494195997715
0.00015962496399879456
0.00015962496399879456
0.00016916671302169561
0.00015962496399879456
0.0001598750241100788
0.0001596666406840086
0.00015991670079529285
0.00016262498684227467
0.00015987490769475698
0.0001598750241100788
0.00015987490769475698
0.00015974999405443668
0.00015979167073965073
0.0001598750241100788
0.00015974999405443668
0.0001595832873135805
0.00015983334742486477
0.00015962496399879456
0.00015974999405443668
0.00015970843378454447
0.0001595417270436883
0.00015979167073965073
0.00016000005416572094

(async, average, 200 actors) Done in an average of 0.00018547083367593587 seconds.

Running BenchApp.SpawnManyActors:runAsync with 300 actor(s) and 110 iteration(s).

0.00023920834064483643
0.00023924990091472864
0.0002423750702291727
0.00023950007744133472
0.00023966666776686907
0.0002457500668242574
0.00023958331439644098
0.00023920834064483643
0.00023787503596395254
0.00018862495198845863
0.000191875034943223
0.00019287504255771637
0.0001888750120997429
0.00018874998204410076
0.0001887500984594226
0.00018900004215538502
0.0001917915651574731
0.00018841668497771025
0.0001888750120997429
0.00019175000488758087
0.0001886667450889945
0.00018895824905484915
0.0001884999219328165
0.00018883333541452885
0.00018862495198845863
0.00019275001250207424
0.00018895836547017097
0.0001887916587293148
0.00019366666674613953
0.0001887916587293148
0.0001887916587293148
0.00018883333541452885
0.00019316666293889284
0.00018883321899920702
0.00018870842177420855
0.00019145826809108257
0.00018883333541452885
0.00018895836547017097
0.00018883333541452885
0.00019183324184268713
0.00018874998204410076
0.0001888750120997429
0.00018870830535888672
0.00018862506840378046
0.00018891668878495693
0.00018874998204410076
0.00018870830535888672
0.00018870830535888672
0.00018895836547017097
0.00018987501971423626
0.00018870842177420855
0.0001887916587293148
0.00018916663248091936
0.00018933333922177553
0.00018891668878495693
0.00018870842177420855
0.0001888750120997429
0.00018866662867367268
0.00019241671543568373
0.00018887489568442106
0.00018862495198845863
0.0001887916587293148
0.0001888750120997429
0.00018900004215538502
0.00018862495198845863
0.00018870842177420855
0.00018854159861803055
0.00018895836547017097
0.00018845824524760246
0.0001900416100397706
0.0002907083835452795
0.00023195822723209858
0.0002071666531264782
0.0001977500505745411
0.00020804163068532944
0.0002032499760389328
0.0002090416382998228
0.00025154161266982555
0.0001771249808371067
0.0001709166681393981
0.0001711250515654683
0.00019070832058787346
0.00017224997282028198
0.00017191667575389147
0.00016737496480345726
0.00016787496861070395
0.00019533326849341393
0.00019379169680178165
0.0001719583524391055
0.00016579160001128912
0.00017083331476897
0.00018516660202294588
0.0001762916799634695
0.00016866670921444893
0.00016887497622519732
0.0001678332919254899
0.0001713333185762167
0.00018379162065684795
0.0001809167442843318
0.00017458328511565924
0.00017045834101736546
0.00016900000628083944
0.00018874998204410076
0.00017591658979654312
0.0001677917316555977
0.00017012504395097494
0.00017020839732140303
0.0001728750066831708
0.00017079163808375597
0.00018470827490091324

(async, average, 300 actors) Done in an average of 0.00018770249444060027 seconds.

Running BenchApp.SpawnManyActors:runAsync with 400 actor(s) and 110 iteration(s).

0.00020754162687808275
0.00022687495220452547
0.0002169999061152339
0.0002386666601523757
0.0002147083869203925
0.00021762505639344454
0.00023645837791264057
0.00021862494759261608
0.00021879165433347225
0.00023720832541584969
0.00021908339112997055
0.000232374994084239
0.00021937501151114702
0.00022312498185783625
0.00022158329375088215
0.0002184166805818677
0.0002496249508112669
0.00020791671704500914
0.00019166665151715279
0.00019266665913164616
0.00019566668197512627
0.00019275001250207424
0.00021420838311314583
0.00019349996000528336
0.00019358331337571144
0.000206333352252841
0.00019316666293889284
0.00019462499767541885
0.00018995837308466434
0.00019491673447191715
0.00021804170683026314
0.0001903333468362689
0.00019308330956846476
0.00019475002773106098
0.00019245827570557594
0.00019358342979103327
0.00019091670401394367
0.00020908331498503685
0.00021079170983284712
0.00019604165572673082
0.00019366666674613953
0.00021462503354996443
0.00019449996761977673
0.00019558332860469818
0.00019525003153830767
0.00019812502432614565
0.00021054164972156286
0.00020554172806441784
0.00020345835946500301
0.00019283336587250233
0.00019920826889574528
0.0002009583404287696
0.00019045837689191103
0.00019616656936705112
0.00019358342979103327
0.00018916663248091936
0.00017549993935972452
0.00020187499467283487
0.00016495829913765192
0.00019979162607342005
0.0001972500467672944
0.00017333333380520344
0.00017541658598929644
0.00017479166854172945
0.00017579167615622282
0.0001954999752342701
0.00017495837528258562
0.00017429166473448277
0.00017920834943652153
0.0001779582817107439
0.00018629163969308138
0.00018737500067800283
0.00018220837228000164
0.00017508328892290592
0.00017816666513681412
0.00018045830074697733
0.0001779582817107439
0.00019883329514414072
0.00017829169519245625
0.00019887497182935476
0.00017449993174523115
0.00017658330034464598
0.00017291668336838484
0.0001884583616629243
0.00017391657456755638
0.0001876250607892871
0.00018470839131623507
0.00017445837147533894
0.00017662509344518185
0.00017820834182202816
0.0001748333452269435
0.00020420830696821213
0.0001732083037495613
0.00017666665371507406
0.00017512496560811996
0.0001855833688750863
0.0001879583578556776
0.00019783328752964735
0.0001594583736732602
0.0001607916783541441
0.00015558337327092886
0.00016104162205010653
0.00015566661022603512
0.0001596666406840086
0.0001782500185072422
0.00015837501268833876
0.00016187503933906555
0.00017704174388200045
0.00018437497783452272
0.00015908339992165565

(async, average, 400 actors) Done in an average of 0.0001892608357593417 seconds.

Running BenchApp.SpawnManyActors:runAsync with 500 actor(s) and 110 iteration(s).

0.00018787500448524952
0.00023250002413988113
0.0001980833476409316
0.00019829161465168
0.00019866658840328455
0.0001969583099707961
0.00019908335525542498
0.00021937501151114702
0.00019879161845892668
0.00019924994558095932
0.00019887497182935476
0.0002016667276620865
0.0001981667010113597
0.00021245831158012152
0.00019599997904151678
0.00020804174710065126
0.00020062504336237907
0.00019329169299453497
0.00019391672685742378
0.00018791668117046356
0.0001878334442153573
0.00020037498325109482
0.00020162505097687244
0.00019183335825800896
0.00019191659521311522
0.00019195827189832926
0.00019183335825800896
0.00020141666755080223
0.0001869166735559702
0.00020287500228732824
0.00018637499306350946
0.00019200006499886513
0.00020854175090789795
0.00018945836927741766
0.0001914583845064044
0.00018270837608724833
0.0001914583845064044
0.00019287504255771637
0.00018629163969308138
0.0001920834183692932
0.00020958331879228354
0.0001915832981467247
0.00018966663628816605
0.00019495829474180937
0.00018737500067800283
0.00019295839592814445
0.00019225000869482756
0.00019204162526875734
0.00019170832820236683
0.00018937501590698957
0.00018750003073364496
0.0002112917136400938
0.00018608325626701117
0.00019108341075479984
0.0001897083129733801
0.00019924994558095932
0.0002116248942911625
0.00019175000488758087
0.00018737500067800283
0.00019629171583801508
0.000217916676774621
0.00018912495579570532
0.00018979166634380817
0.00019325001630932093
0.00021433329675346613
0.0001864166697487235
0.00018824997823685408
0.00018987501971423626
0.00018987501971423626
0.00019316666293889284
0.0002171667292714119
0.00020254170522093773
0.00018479162827134132
0.00019966659601777792
0.00018658337648957968
0.00021279160864651203
0.00018529174849390984
0.00017683336045593023
0.0001975832274183631
0.00019366666674613953
0.0001884583616629243
0.0001969583099707961
0.00022458343300968409
0.00018491665832698345
0.00019212497863918543
0.00021508336067199707
0.00017912499606609344
0.00019079167395830154
0.0002125416649505496
0.0001952917082235217
0.0002109584165737033
0.00019216665532439947
0.0002175000263378024
0.0002188333310186863
0.0001845416845753789
0.00019299995619803667
0.00018658326007425785
0.0001945833209902048
0.00018791668117046356
0.00019224989227950573
0.0001949584111571312
0.0001905416138470173
0.0001880417112261057
0.00019170832820236683
0.000197666697204113
0.00018741667736321688
0.00018870830535888672
0.0001943749375641346
0.00020362494979053736
0.00021179160103201866

(async, average, 500 actors) Done in an average of 0.00019552208832465112 seconds.

Running BenchApp.SpawnManyActors:runAsync with 600 actor(s) and 110 iteration(s).

0.00020658341236412525
0.00025104160886257887
0.00021483330056071281
0.00022495829034596682
0.00024854170624166727
0.00021266669500619173
0.00022074999287724495
0.00023516674991697073
0.0002492084167897701
0.00024562503676861525
0.0002316250465810299
0.0002557083498686552
0.00023312505800276995
0.00021620839834213257
0.0002242083428427577
0.00022695830557495356
0.0002219582675024867
0.00023337500169873238
0.000218541594222188
0.0002216249704360962
0.00021933333482593298
0.0002235833089798689
0.00022649997845292091
0.00024720828514546156
0.0002215416170656681
0.00022637494839727879
0.00024895824026316404
0.00022695842199027538
0.00022124999668449163
0.00022500008344650269
0.00022550008725374937
0.00022116664331406355
0.0002269166288897395
0.0002521249698475003
0.00024937500711530447
0.00024512503296136856
0.0002281665802001953
0.000245374976657331
0.00023766665253788233
0.000254083308391273
0.0002585833426564932
0.0002491249470040202
0.00023895828053355217
0.00022216665092855692
0.00022566667757928371
0.0002257500309497118
0.0002196666318923235
0.00022158329375088215
0.00022370833903551102
0.00025399995502084494
0.000244750059209764
0.00022495829034596682
0.00023570831399410963
0.0002518750261515379
0.00022329168859869242
0.00022787495981901884
0.0002506666351109743
0.00022458331659436226
0.00022541673388332129
0.0002511667553335428
0.0002531249774619937
0.00022004172205924988
0.0002472084015607834
0.00022604165133088827
0.00022695842199027538
0.00024945836048573256
0.00023862498346716166
0.0002532083308324218
0.00025399995502084494
0.00024387496523559093
0.0002512499922886491
0.00022508332040160894
0.00022599997464567423
0.0002748332917690277
0.0002066250890493393
0.00023112492635846138
0.0002074999501928687
0.00022879173047840595
0.00022645830176770687
0.0002238750457763672
0.00022295827511698008
0.0002284583169966936
0.00022129167336970568
0.00022716668900102377
0.0002500417176634073
0.00022449996322393417
0.00022125011309981346
0.00023549993056803942
0.0002618333091959357
0.00024262501392513514
0.00027291662991046906
0.00021712493617087603
0.00023654173128306866
0.0002388750435784459
0.000224500079639256
0.0002504583681002259
0.00022749998606741428
0.00024533329997211695
0.00022487493697553873
0.00024358334485441446
0.00022579159121960402
0.00025575002655386925
0.0002284583169966936
0.00023054168559610844
0.0002335000317543745
0.00025120831560343504
0.00022179167717695236
0.00023145833984017372
0.0002459166571497917
0.0002272083656862378

(async, average, 600 actors) Done in an average of 0.0002343808312434703 seconds.

Running BenchApp.SpawnManyActors:runAsync with 700 actor(s) and 110 iteration(s).

0.0002532500075176358
0.00028279167599976063
0.0002555833198130131
0.0002625000197440386
0.0002852915786206722
0.00027029169723391533
0.0002571666846051812
0.0002538333646953106
0.00026162504218518734
0.00025812501553446054
0.0002610000083222985
0.0002523750299587846
0.0002702500205487013
0.0002539167180657387
0.0002660416066646576
0.00026537501253187656
0.00025091669522225857
0.0002637916477397084
0.00028612499590963125
0.00028675002977252007
0.0002528333570808172
0.00026391667779535055
0.00026062491815537214
0.00024908327031880617
0.00026133330538868904
0.00025858322624117136
0.0002620000159367919
0.0002654166892170906
0.0002522083232179284
0.0002955417148768902
0.00024100008886307478
0.0003017500275745988
0.00024087494239211082
0.00026070827152580023
0.0002838332438841462
0.0002608750946819782
0.0002660417230799794
0.00026016670744866133
0.00029304169584065676
0.0002671666443347931
0.0002964166924357414
0.000259208376519382
0.00028208328876644373
0.00028416665736585855
0.00026120839174836874
0.00026470841839909554
0.0002702500205487013
0.00028841663151979446
0.00025245838332921267
0.0002621249295771122
0.00027762504760175943
0.0002541666617617011
0.0002730833366513252
0.00024275004398077726
0.0002921666018664837
0.00025370833463966846
0.00026404159143567085
0.0002582917222753167
0.00028449995443224907
0.00028624990954995155
0.0002527083270251751
0.0002629583468660712
0.0002667499938979745
0.00028237502556294203
0.0002636667340993881
0.00025579158682376146
0.00025987497065216303
0.0002634583506733179
0.00025616667699068785
0.00028675002977252007
0.0002561250003054738
0.0002843333641067147
0.0002530416240915656
0.00026474997866898775
0.00025545828975737095
0.00026862509548664093
0.00025991664733737707
0.0002622082829475403
0.000256958301179111
0.00028250005561858416
0.0002666666405275464
0.0002603749744594097
0.0002812083112075925
0.00026887503918260336
0.0002544999588280916
0.0002682916820049286
0.00025779171846807003
0.00025470834225416183
0.00029295834247022867
0.0002547915792092681
0.00029229174833744764
0.00024099997244775295
0.0002516666427254677
0.00025866657961159945
0.00027354166377335787
0.00024191662669181824
0.00030266656540334225
0.00025399995502084494
0.0002774166641756892
0.0002605833578854799
0.0002623333130031824
0.0002510832855477929
0.00028325000312179327
0.0002450416795909405
0.00026945839636027813
0.0002794999163597822
0.00026204169262200594
0.00025524990633130074
0.00028704176656901836
0.00025583337992429733

(async, average, 700 actors) Done in an average of 0.0002662033308297396 seconds.

Running BenchApp.SpawnManyActors:runAsync with 800 actor(s) and 110 iteration(s).

0.0002917083911597729
0.0003277083160355687
0.0002905000001192093
0.00029554159846156836
0.0002903332933783531
0.0003218333004042506
0.0003014582907781005
0.00029770832043141127
0.0003230415750294924
0.0003198334015905857
0.00031174998730421066
0.00028787495102733374
0.00029570842161774635
0.0002994999522343278
0.0003137500025331974
0.000293291755951941
0.0002941250568255782
0.00029562506824731827
0.00032175006344914436
0.00028320832643657923
0.000303249922581017
0.0002932916395366192
0.0003198334015905857
0.00029404170345515013
0.0002935415832325816
0.00031545828096568584
0.00029079162050038576
0.000316249905154109
0.00028983340598642826
0.0003020833246409893
0.00029708328656852245
0.00031458341982215643
0.0002955833915621042
0.0002957083052024245
0.0003102499758824706
0.00028829171787947416
0.0002996249822899699
0.00028466666117310524
0.000301166670396924
0.0002761250361800194
0.0003124999348074198
0.00028520834166556597
0.0002984583843499422
0.0002882499247789383
0.00032979168463498354
0.0002942499704658985
0.0002948333276435733
0.00032104167621582747
0.00031079177279025316
0.00029779167380183935
0.00029170827474445105
0.00029250001534819603
0.00029304169584065676
0.0002960832789540291
0.0003227499546483159
0.000286041758954525
0.00029912497848272324
0.0003182082436978817
0.00030441663693636656
0.00029683334287256
0.00029550003819167614
0.00029504159465432167
0.000309041584841907
0.00030283338855952024
0.00031949998810887337
0.00029200001154094934
0.00029416673351079226
0.00031316664535552263
0.0003088749945163727
0.0002976249670609832
0.0002923749852925539
0.0002943333238363266
0.00030504167079925537
0.00029520830139517784
0.0002943333238363266
0.000319333397783339
0.00028829171787947416
0.000295999925583601
0.0003064166521653533
0.00028887507505714893
0.00030141661409288645
0.00029250001534819603
0.00030108331702649593
0.00031195825431495905
0.0002943333238363266
0.00031999999191612005
0.00029562495183199644
0.0003179166233167052
0.0002909167669713497
0.00029437500052154064
0.0003235416952520609
0.00029366672970354557
0.00032329163514077663
0.00028695829678326845
0.0002957916585728526
0.0002957916585728526
0.0002815000480040908
0.0003030833322554827
0.00031483336351811886
0.00029912497848272324
0.00029583333525806665
0.00031391659285873175
0.0002894584322348237
0.00031979160849004984
0.0003152083372697234
0.0003029999788850546
0.00031545828096568584
0.0002870833268389106
0.0003024999750778079
0.0002888749586418271

(async, average, 800 actors) Done in an average of 0.00030088458093814553 seconds.

Running BenchApp.SpawnManyActors:runAsync with 900 actor(s) and 110 iteration(s).

0.0003318333765491843
0.0003386250464245677
0.00032691669184714556
0.0003755416255444288
0.00032616674434393644
0.0003309583989903331
0.00032979168463498354
0.00033537496346980333
0.00032229162752628326
0.0003361665876582265
0.0003371667116880417
0.00033270835410803556
0.0003293333575129509
0.00035212503280490637
0.00032679166179150343
0.0003581666387617588
0.0003503750776872039
0.0003398749977350235
0.0003527917433530092
0.00032566674053668976
0.00034016661811619997
0.0003503750776872039
0.0003255833871662617
0.00032404158264398575
0.00035604170989245176
0.0003273750189691782
0.00035379163455218077
0.00032620830461382866
0.000338125042617321
0.00032833334989845753
0.0003526667132973671
0.0003444167086854577
0.0003520833561196923
0.00034758332185447216
0.0003310833126306534
0.0003449167124927044
0.0003316665533930063
0.0003477917052805424
0.000328624970279634
0.00032216671388596296
0.0003339999821037054
0.00035337498411536217
0.0003587499959394336
0.00032887503039091825
0.0003549582324922085
0.00033008342143148184
0.00033008330501616
0.00033483339939266443
0.0003293333575129509
0.00035612506326287985
0.0003526667132973671
0.00032937503419816494
0.0003464999608695507
0.0003350416664034128
0.0003487915964797139
0.00033087492920458317
0.0003230416914448142
0.0003370833583176136
0.00033054163213819265
0.00035137496888637543
0.00035775010474026203
0.0003392500802874565
0.0003262084210291505
0.00036283337976783514
0.0003299999516457319
0.0003490833332762122
0.0003278750227764249
0.00032195833045989275
0.00032433331944048405
0.00033000006806105375
0.0003282083198428154
0.0003520832397043705
0.0003299583913758397
0.0003522916231304407
0.0003373749786987901
0.00033158331643790007
0.00034829170908778906
0.0003230416914448142
0.00033320835791528225
0.00031962490174919367
0.00033383339177817106
0.00035262503661215305
0.00032133341301232576
0.00034508330281823874
0.00032741669565439224
0.0003237499622628093
0.00032383331563323736
0.0003298750380054116
0.00035116670187562704
0.00032441667281091213
0.0003385415766388178
0.00032454158645123243
0.00033487495966255665
0.00032691669184714556
0.0003562916535884142
0.00035016657784581184
0.0003516250289976597
0.00033137493301182985
0.00035004166420549154
0.00032641657162457705
0.0003552499692887068
0.00033000006806105375
0.0003320416435599327
0.00032808328978717327
0.00035387498792260885
0.00035520829260349274
0.0003203749656677246
0.0003616666654124856
0.0003174584126099944
0.0003377916291356087

(async, average, 900 actors) Done in an average of 0.00033814583672210575 seconds.

Running BenchApp.SpawnManyActors:runAsync with 1000 actor(s) and 110 iteration(s).

0.0003490833332762122
0.00036883330903947353
0.00036583340261131525
0.00037100003100931644
0.0003637500340119004
0.00036420824471861124
0.0003860417054966092
0.0003602083306759596
0.0003654166357591748
0.0003667917335405946
0.0003834583330899477
0.0003647500416263938
0.0003899583825841546
0.0003645833348855376
0.00036675005685538054
0.0003683749819174409
0.0003632917068898678
0.00035841658245772123
0.00039558333810418844
0.0003500833408907056
0.0003629999700933695
0.000386625062674284
0.0003594165900722146
0.00036687508691102266
0.00038783333729952574
0.000381499994546175
0.0003597083268687129
0.00036233337596058846
0.000389541732147336
0.00036604166962206364
0.00037233333569020033
0.0003644167445600033
0.00039216666482388973
0.00036545831244438887
0.0003649583086371422
0.00035220838617533445
0.00036399997770786285
0.00036399997770786285
0.0003831250360235572
0.0003633333835750818
0.00036391662433743477
0.00036408333107829094
0.00036516657564789057
0.0003626249963417649
0.0003654166357591748
0.0003624584060162306
0.0003628332633525133
0.0003644583048298955
0.0003805416636168957
0.00036279158666729927
0.000362708349712193
0.00036687497049570084
0.0003607500111684203
0.0003599165938794613
0.00039208331145346165
0.00036874995566904545
0.0003857084084302187
0.0003579166950657964
0.00039933330845087767
0.00035941670648753643
0.0003637500340119004
0.0003624166129156947
0.00038920831866562366
0.00038104166742414236
0.00039199995808303356
0.0003659999929368496
0.0003613749286159873
0.0003631250001490116
0.0003642500378191471
0.0003873750101774931
0.0003750000614672899
0.0003925416385754943
0.0003656666958704591
0.0003898750292137265
0.00036587496288120747
0.0003819166449829936
0.00036666670348495245
0.00036204163916409016
0.000364125007763505
0.00038795836735516787
0.000364791601896286
0.00038962496910244226
0.0003898750292137265
0.00038483331445604563
0.0003904999466612935
0.0003629167331382632
0.00038774998392909765
0.0003573333378881216
0.0003581666387617588
0.0003871666267514229
0.0003659166395664215
0.00038233341183513403
0.000390833243727684
0.00036616669967770576
0.0003807500470429659
0.00036554166581481695
0.0003863333258777857
0.00036524992901831865
0.0003601249773055315
0.00039137492422014475
0.00036287494003772736
0.0003956665750592947
0.0003724166890606284
0.00038400001358240843
0.00036254175938665867
0.0003816667012870312
0.0003535833675414324
0.0003707499708980322
0.00036633340641856194
0.00036954169627279043

(async, average, 1000 actors) Done in an average of 0.0003721104154828936 seconds.

Benchmark done
