Pressed 'Run benchmark'
About to run 'Swift concurrency'-version of SpawnManyActors with batch mode: true
Running BenchApp.SpawnManyActors:runAsync with 100 actor(s) and 110 iteration(s).

0.00010666670277714729
9.104167111217976e-05
9.075005073100328e-05
9.045831393450499e-05
0.00010337494313716888
9.095831774175167e-05
9.050010703504086e-05
9.71667468547821e-05
9.34583367779851e-05
9.091664105653763e-05
9.30416863411665e-05
9.279174264520407e-05
9.070837404578924e-05
9.049999061971903e-05
0.00011683336924761534
0.000116666778922081
9.112502448260784e-05
8.958333637565374e-05
7.504166569560766e-05
5.979172419756651e-05
6.0166697949171066e-05
7.67499441280961e-05
7.279170677065849e-05
5.9750047512352467e-05
7.475004531443119e-05
5.9708370827138424e-05
5.966669414192438e-05
6.020837463438511e-05
5.9875077567994595e-05
7.991667371243238e-05
7.654167711734772e-05
6.162503268569708e-05
5.966669414192438e-05
5.974993109703064e-05
6.174994632601738e-05
6.01249048486352e-05
9.450002107769251e-05
5.979172419756651e-05
8.479156531393528e-05
6.566662341356277e-05
5.987496115267277e-05
5.9583340771496296e-05
9.479164145886898e-05
6.029161158949137e-05
5.954166408628225e-05
5.983340088278055e-05
6.162503268569708e-05
5.979160778224468e-05
5.9708370827138424e-05
6.004166789352894e-05
6.004166789352894e-05
5.9875077567994595e-05
5.987496115267277e-05
8.208327926695347e-05
8.395838085561991e-05
8.766667451709509e-05
5.766667891293764e-05
5.608343053609133e-05
7.416668813675642e-05
5.6583317928016186e-05
6.879167631268501e-05
5.7124998420476913e-05
5.645828787237406e-05
5.633325781673193e-05
6.966665387153625e-05
5.604163743555546e-05
5.5999960750341415e-05
5.6458404287695885e-05
7.933331653475761e-05
5.6166667491197586e-05
7.59166432544589e-05
5.7999975979328156e-05
5.645828787237406e-05
9.529164526611567e-05
5.741673521697521e-05
5.7708355598151684e-05
6.883335299789906e-05
7.537496276199818e-05
5.725002847611904e-05
5.625002086162567e-05
5.779170896857977e-05
5.645828787237406e-05
5.6458404287695885e-05
9.958341252058744e-05
5.6416611187160015e-05
7.216667290776968e-05
5.633325781673193e-05
5.6166667491197586e-05
5.795841570943594e-05
5.6291697546839714e-05
7.116666529327631e-05
5.625002086162567e-05
6.470829248428345e-05
5.7708355598151684e-05
6.324995774775743e-05
5.67917013540864e-05
4.308333154767752e-05
5.383335519582033e-05
4.241673741489649e-05
4.229170735925436e-05
6.616662722080946e-05
4.2625004425644875e-05
6.025005131959915e-05
4.241673741489649e-05
4.23333840444684e-05
4.35833353549242e-05
4.229170735925436e-05
4.254165105521679e-05
5.7708355598151684e-05
4.2333267629146576e-05

(async, average, 100 actors) Done in an average of 6.507209152914584e-05 seconds.

Running BenchApp.SpawnManyActors:runAsync with 200 actor(s) and 110 iteration(s).

8.770835120230913e-05
8.429167792201042e-05
0.00010295829270035028
8.445838466286659e-05
9.487499482929707e-05
8.441659156233072e-05
9.09584341570735e-05
8.84166220203042e-05
0.00012441666331142187
8.45832983031869e-05
0.00010145839769393206
8.583336602896452e-05
9.558326564729214e-05
8.649996016174555e-05
8.441659156233072e-05
8.429167792201042e-05
8.445826824754477e-05
8.433335460722446e-05
8.454162161797285e-05
8.450006134808064e-05
8.445826824754477e-05
8.42915615066886e-05
0.00010570825543254614
9.083340410143137e-05
0.00012945826165378094
0.00012591667473316193
8.45832983031869e-05
8.537503890693188e-05
9.80000477284193e-05
0.00010391674004495144
8.795829489827156e-05
0.00010066665709018707
0.00010762503370642662
0.00020254170522093773
8.441670797765255e-05
8.583336602896452e-05
0.00010712502989917994
0.00013091671280562878
8.483335841447115e-05
8.445826824754477e-05
0.00010045827366411686
8.445838466286659e-05
9.979167953133583e-05
8.549995254725218e-05
9.479164145886898e-05
9.162502828985453e-05
9.4166724011302e-05
9.395834058523178e-05
7.895834278315306e-05
6.883335299789906e-05
8.016661740839481e-05
7.683341391384602e-05
6.716663483530283e-05
6.712507456541061e-05
6.729166489094496e-05
6.7333341576159e-05
6.92916801199317e-05
6.704172119498253e-05
7.750000804662704e-05
7.158331573009491e-05
7.774995174258947e-05
7.666670717298985e-05
8.545827586203814e-05
6.766663864254951e-05
6.854161620140076e-05
7.645832374691963e-05
7.404165808111429e-05
8.37499974295497e-05
8.608330972492695e-05
7.687497418373823e-05
8.691672701388597e-05
0.00015179160982370377
6.708339788019657e-05
6.750004831701517e-05
6.724998820573092e-05
6.812508217990398e-05
7.750000804662704e-05
7.037504110485315e-05
6.737501826137304e-05
7.504166569560766e-05
6.745837163180113e-05
6.70416047796607e-05
6.72084279358387e-05
7.087492849677801e-05
6.737501826137304e-05
7.524993270635605e-05
6.766663864254951e-05
6.85832928866148e-05
6.88750296831131e-05
8.704164065420628e-05
6.708339788019657e-05
7.662491407245398e-05
6.762496195733547e-05
6.858340930193663e-05
6.754172500222921e-05
8.304172661155462e-05
6.887491326779127e-05
5.8416626416146755e-05
5.879160016775131e-05
5.945831071585417e-05
7.162499241530895e-05
6.391666829586029e-05
6.750004831701517e-05
5.895830690860748e-05
5.84583031013608e-05
5.625002086162567e-05
7.112498860806227e-05
6.541667971760035e-05
7.041660137474537e-05
5.84583031013608e-05

(async, average, 200 actors) Done in an average of 8.146499865688384e-05 seconds.

Running BenchApp.SpawnManyActors:runAsync with 300 actor(s) and 110 iteration(s).

8.41666478663683e-05
0.00010066665709018707
9.095831774175167e-05
9.23332991078496e-05
9.183329530060291e-05
8.516665548086166e-05
8.408329449594021e-05
9.791669435799122e-05
8.475000504404306e-05
0.00013449997641146183
0.00016712502110749483
0.00012599991168826818
0.0001255833776667714
0.0001253749942407012
0.00012600002810359
0.000126624945551157
0.00012637500185519457
0.00012566661462187767
0.00012641656212508678
0.00013375002890825272
0.00012687500566244125
0.00012725009582936764
0.00012695835903286934
0.00012870843056589365
0.0001316666603088379
0.00012629164848476648
0.00012958329170942307
0.0001264166785404086
0.00012595835141837597
0.0001256667310371995
0.00012583332136273384
0.00012608326505869627
0.00012633332516998053
0.0001268333289772272
0.00012658338528126478
0.00012645835522562265
0.00012595835141837597
0.00012654170859605074
0.00012625008821487427
0.0001261249417439103
0.00012524996418505907
0.00012654170859605074
0.00012670829892158508
0.0001265000319108367
0.00012658338528126478
0.00012583332136273384
0.00013287493493407965
0.00012687500566244125
0.00012687500566244125
0.00012633332516998053
0.00012566661462187767
0.0001265000319108367
0.00012645835522562265
0.0001281666336581111
0.0001261249417439103
0.0001257916446775198
0.00012600002810359
0.00012591667473316193
0.00012670829892158508
0.00012708338908851147
0.00012570840772241354
0.00012600002810359
0.0001255833776667714
0.0001267084153369069
0.00012608326505869627
0.00012729165609925985
0.00012674997560679913
0.00012629164848476648
0.00012566661462187767
0.00012616661842912436
0.00012583332136273384
0.0001322916941717267
0.00012666673865169287
0.00012625008821487427
0.00012637500185519457
0.00012512493412941694
0.00012666673865169287
0.00012591667473316193
0.00012633332516998053
0.0001265000319108367
0.00012591667473316193
0.00012587499804794788
0.00012700003571808338
0.00012870831415057182
0.000188166624866426
9.158335160464048e-05
0.0001028749393299222
0.0001533749746158719
9.420828428119421e-05
0.00010712491348385811
9.220826905220747e-05
0.0001553333131596446
9.116670116782188e-05
0.00015216669999063015
9.72916604951024e-05
0.00019420834723860025
9.324995335191488e-05
0.00011741672642529011
9.537499863654375e-05
0.00014308327808976173
9.88333486020565e-05
0.00014187500346451998
9.241665247827768e-05
0.00015637499745935202
9.383331052958965e-05
0.0001089583383873105
0.00016770826186984777
9.22083854675293e-05
0.00012108334340155125
0.00014712498523294926

(async, average, 300 actors) Done in an average of 0.0001260904164519161 seconds.

Running BenchApp.SpawnManyActors:runAsync with 400 actor(s) and 110 iteration(s).

0.00017658330034464598
0.00017650006338953972
0.00013058329932391644
0.00016929162666201591
0.00012095831334590912
0.00015012500807642937
0.00020237499848008156
0.00012779165990650654
0.00012220838107168674
0.00017262494657188654
0.0001491665607318282
0.00016212498303502798
0.0001376667059957981
0.00016370834782719612
0.00017187499906867743
0.00012462493032217026
0.00015379174146801233
0.0001232082722708583
0.00012662506196647882
0.00014650006778538227
0.00012204167433083057
0.00016620836686342955
0.00016629172023385763
0.00012029160279780626
0.00018270837608724833
0.00013741664588451385
0.00012716662604361773
0.0001432499848306179
0.00017150002531707287
0.00013824994675815105
0.0001213334035128355
0.0001295834081247449
0.0001437499886378646
0.00014391669537872076
0.0001662500435486436
0.00013966660480946302
0.00017300003673881292
0.00015824998263269663
0.00012558326125144958
0.0001392083941027522
0.00013791664969176054
0.0001791666727513075
0.00012120837345719337
0.00013766658958047628
0.00017087499145418406
0.00015462504234164953
0.00015033327508717775
0.0001398333115503192
0.0001425000373274088
0.00012483331374824047
0.00016795832198113203
0.00015550001990050077
0.00015474995598196983
0.00014895841013640165
0.0001836250303313136
0.00012529175728559494
0.00014000001829117537
0.00015383341815322638
0.00012287497520446777
0.00014966668095439672
0.00012283329851925373
0.00015966675709933043
0.00015808339230716228
0.0001236249227076769
0.0001904582604765892
0.00013758335262537003
0.00010129169095307589
0.00014091667253524065
9.80000477284193e-05
0.00012404168955981731
9.662506636232138e-05
0.00011462497059255838
0.00010670837946236134
0.0001218749675899744
9.520829189568758e-05
0.0001221667043864727
0.00010245840530842543
0.00010045827366411686
0.00011716666631400585
9.983323980122805e-05
0.00013120833318680525
9.5625058747828e-05
0.00011604174505919218
0.00010816671419888735
0.00011429167352616787
0.0001093749888241291
0.00011058337986469269
0.00011108338367193937
9.75833972916007e-05
0.00014783337246626616
9.641668293625116e-05
0.00014908332377672195
9.995826985687017e-05
0.00014787493273615837
0.00010249996557831764
0.00012020824942737818
0.00010945834219455719
0.00014670833479613066
0.00010658334940671921
0.000112166628241539
0.0001547917490825057
0.0001035833265632391
0.00011925003491342068
0.00013558333739638329
9.591667912900448e-05
0.00010466668754816055
0.00013533339370042086
9.704160038381815e-05
0.00013220834080129862
0.00010279170237481594

(async, average, 400 actors) Done in an average of 0.00013283917331136764 seconds.

Running BenchApp.SpawnManyActors:runAsync with 500 actor(s) and 110 iteration(s).

0.0001335416454821825
0.00013970828149467707
0.00016470823902636766
0.00011916668154299259
0.00017175008542835712
0.00013741664588451385
0.00013304164167493582
0.00012033339589834213
0.00012041663285344839
0.00013583339750766754
0.00014304171781986952
0.00014699995517730713
0.00014466664288192987
0.00015429174527525902
0.00012183340732008219
0.00013183336704969406
0.00013012508861720562
0.00013216666411608458
0.0001322916941717267
0.00016145838890224695
0.00012895837426185608
0.0001305416226387024
0.0001474583987146616
0.00012270838487893343
0.00014216674026101828
0.00016595842316746712
0.00013812503311783075
0.00016204174607992172
0.0001261249417439103
0.00014012493193149567
0.0001843334175646305
0.00015475007239729166
0.0001347915967926383
0.00013262499123811722
0.00011925003491342068
0.00016912503633648157
0.00013079168274998665
0.00016766670159995556
0.00013162498362362385
0.00013470835983753204
0.00016887509264051914
0.00013358332216739655
0.0001689583295956254
0.00013058329932391644
9.845825843513012e-05
9.824999142438173e-05
0.00011766667012125254
0.0001357917208224535
0.00014500005636364222
9.995826985687017e-05
0.0001377916196361184
9.987503290176392e-05
0.00010604166891425848
0.00010474992450326681
0.00011624989565461874
0.0001477916957810521
0.00010991666931658983
9.829166810959578e-05
0.00012029160279780626
0.00010062498040497303
0.00011983327567577362
0.0001156666548922658
0.00011870823800563812
0.0001417916500940919
9.891670197248459e-05
0.00011112506035715342
0.00011995830573141575
0.00011520832777023315
0.00014887494035065174
9.787501767277718e-05
0.00011683336924761534
0.00012199999764561653
0.00013595831114798784
0.0001354999840259552
0.00012720830272883177
0.00013400008901953697
0.00010920828208327293
0.00012862496078014374
0.00011233333498239517
0.00010341661982238293
0.00014483334962278605
9.80000477284193e-05
0.00014133343938738108
9.849993512034416e-05
0.0001465416280552745
9.970832616090775e-05
0.00011466664727777243
0.0001320833107456565
0.0001251667272299528
0.00011083332356065512
0.0001685416791588068
0.00010054162703454494
0.0001093749888241291
0.0001138332299888134
0.0001432499848306179
9.787490125745535e-05
0.00014854164328426123
9.845837485045195e-05
0.00011424999684095383
0.00014966668095439672
0.00011866656132042408
0.00013708334881812334
0.00010733329690992832
9.820831473916769e-05
0.00010091671720147133
0.00010100007057189941
0.00011704175267368555
0.00010945834219455719
0.00014041666872799397
0.00010029168333858252

(async, average, 500 actors) Done in an average of 0.0001270079193636775 seconds.

Running BenchApp.SpawnManyActors:runAsync with 600 actor(s) and 110 iteration(s).

0.00011854164768010378
0.00011970836203545332
0.0001396250445395708
0.00012395833618938923
0.00013112497981637716
0.0001417082967236638
0.0001429166877642274
0.00012829166371375322
0.00013220834080129862
0.00013499998021870852
0.00013108330313116312
0.0001310417428612709
0.00016412499826401472
0.00012199999764561653
0.00014145835302770138
0.00012420827988535166
0.00011954165529459715
0.00016679172404110432
0.00012729165609925985
0.00013804167974740267
0.00011929171159863472
0.00017029163427650928
0.00014025007840245962
0.00011833338066935539
0.00011799996718764305
0.00013833330012857914
0.0001048332778736949
0.00012204167433083057
0.00012625008821487427
0.00014066672883927822
0.00012995838187634945
0.00010299996938556433
0.0001443750225007534
0.00010312499944120646
0.0001449999399483204
0.00010354164987802505
0.000124541693367064
0.00011462497059255838
0.00011374999303370714
0.00014600006397813559
0.000122291618026793
0.00010404165368527174
0.00011666666250675917
0.0001114582410082221
0.00010395830031484365
0.00011270842514932156
0.00012012501247227192
0.0001430416014045477
0.00010391674004495144
0.0001217500539496541
0.00015279173385351896
0.0001055416651070118
0.0001265000319108367
0.00012550002429634333
0.00013749999925494194
0.0001379584427922964
0.00013962492812424898
0.00010629161261022091
0.0001156666548922658
0.00011799996718764305
0.00010337505955249071
0.0001172083429992199
0.00011258339509367943
0.0001265415921807289
0.00011591659858822823
0.00014304171781986952
0.00010820827446877956
0.00010612490586936474
0.00013895833399146795
0.00012595835141837597
0.00011791673023253679
0.00012208335101604462
0.00011395826004445553
0.00014616665430366993
0.00010279170237481594
0.00014100002590566874
0.000144791672937572
0.00014345836825668812
0.00010608334559947252
0.00016108329873532057
0.0001051250146701932
0.00014537503011524677
0.00010575004853308201
0.0001486249966546893
0.00011095835361629725
0.00011708331294357777
0.00010649999603629112
0.0001424166839569807
9.312503971159458e-05
0.00013387505896389484
9.508337825536728e-05
0.0001269166823476553
0.00011320831254124641
9.566661901772022e-05
9.529164526611567e-05
0.00011454173363745213
0.00011641671881079674
9.358336683362722e-05
0.0001374583225697279
9.545835200697184e-05
0.00010262499563395977
9.575008880347013e-05
0.00010083324741572142
0.00010395841673016548
0.00011183333117514849
0.00011670833919197321
9.51249385252595e-05
0.0001295834081247449
9.50000248849392e-05
9.954161942005157e-05

(async, average, 600 actors) Done in an average of 0.00012157792341895402 seconds.

Running BenchApp.SpawnManyActors:runAsync with 700 actor(s) and 110 iteration(s).

0.00011841661762446165
0.00011670833919197321
0.00011341669596731663
0.0001412916462868452
0.00011791661381721497
0.0001114582410082221
0.0001495416508987546
0.00013370835222303867
0.00010933331213891506
0.00010904169175773859
0.00012174993753433228
0.00011995830573141575
0.00014100002590566874
0.00012333330232650042
0.00013079168274998665
0.00010941666550934315
0.00012166670057922602
0.00011516665108501911
0.00014937494415789843
0.00011087500024586916
0.0001339582959190011
0.00011970836203545332
0.0001110415905714035
0.00010937510523945093
0.00011683336924761534
0.0001394166611135006
0.00010962493252009153
0.0001276666298508644
0.00014429166913032532
0.00014470831956714392
0.0001109166769310832
0.00013699999544769526
0.00014445825945585966
0.0001273333327844739
0.00011925003491342068
0.00014558341354131699
0.00011250004172325134
0.0001300000585615635
0.0001390415709465742
0.00014950009062886238
0.00010479171760380268
0.0001260833814740181
0.00010712491348385811
0.00011154159437865019
0.00010808336082845926
0.00010308332275599241
0.00010745832696557045
0.00013637507800012827
0.0001088334247469902
0.0001155417412519455
0.00010320835281163454
0.00014708330854773521
0.00010883330833166838
0.00012058333959430456
9.958329610526562e-05
0.00011012493632733822
0.0001012083375826478
0.00010912504512816668
0.0001180416438728571
9.970832616090775e-05
0.00011479167733341455
0.00010541663505136967
0.00011420832015573978
0.00010716670658439398
0.00010395830031484365
0.00015400000847876072
0.00010145828127861023
0.00010329170618206263
0.00010695832315832376
0.00011108338367193937
0.00013729161582887173
0.00010570825543254614
0.00011616665869951248
0.00011699995957314968
9.96666494756937e-05
9.895837865769863e-05
0.00014245836064219475
0.00010083336383104324
0.00013345829211175442
0.00010662502609193325
0.0001135834027081728
0.00011083332356065512
0.000106374965980649
0.00010116666089743376
0.00011016672942787409
0.00010158331133425236
0.00011179165448993444
0.00011270842514932156
0.00010237493552267551
0.00010095839388668537
0.00013712490908801556
0.00011833338066935539
0.00011537503451108932
0.00012012501247227192
0.00010445842053741217
0.0001311666565015912
0.00010666658636182547
0.00012420839630067348
0.00011879159137606621
9.599991608411074e-05
0.00010487507097423077
9.637500625103712e-05
0.00013062497600913048
0.0001062500523403287
9.975000284612179e-05
9.679165668785572e-05
0.00011029164306819439
0.00010724994353950024
9.866675827652216e-05
0.00010783330071717501

(async, average, 700 actors) Done in an average of 0.0001164495840203017 seconds.

Running BenchApp.SpawnManyActors:runAsync with 800 actor(s) and 110 iteration(s).

0.00010837498120963573
0.00011833338066935539
0.00011791661381721497
0.00012541667092591524
0.00012241664808243513
0.000116499955765903
0.00010820827446877956
0.00010808336082845926
0.00011849997099488974
0.0001148333540186286
0.00012183340732008219
0.00011491659097373486
0.00013050006236881018
0.00010991666931658983
0.0001113333273679018
0.00016675004735589027
0.00011633336544036865
0.00016179168596863747
0.0001397499581798911
0.00013699999544769526
0.00012174993753433228
0.00012679165229201317
0.00013174989726394415
0.00014966668095439672
0.00011533324141055346
0.0001331249950453639
0.00012624997179955244
0.00015987490769475698
0.0001438749022781849
0.00010841665789484978
0.00011725001968443394
0.00012270838487893343
0.00011254160199314356
0.00015650002751499414
0.00013904168736189604
0.00010912504512816668
0.0001210416667163372
0.0001082499511539936
0.00011912500485777855
0.00014470831956714392
0.00010883330833166838
0.00015441665891557932
0.00010954169556498528
0.00011404172983020544
0.0001413749996572733
0.00010987499263137579
0.00012500002048909664
0.00010766671039164066
0.00011754164006561041
0.00010970828589051962
0.00017374998424202204
0.00013220834080129862
0.00011304172221571207
0.0001411667326465249
0.00011783326044678688
0.00013483338989317417
0.00014454161282628775
0.00011941662523895502
0.00011912500485777855
0.0001137083163484931
0.0001619582762941718
0.0001156666548922658
0.00012158334720879793
0.00014474999625235796
0.0001152500044554472
0.00016679172404110432
0.00011112506035715342
0.00015587499365210533
0.00011491670738905668
0.00015225005336105824
0.00011704163625836372
0.0001593749038875103
0.00010691664647310972
0.00011687492951750755
0.00012541667092591524
0.000142708420753479
0.00010975007899105549
0.0001475833123549819
0.00011112494394183159
0.0001535832416266203
0.0001117499778047204
0.0001210416667163372
0.0001140000531449914
0.00014891661703586578
0.00010995834600180387
0.00012962508480995893
0.00015991670079529285
0.00011520832777023315
0.00012604170478880405
0.00015587499365210533
0.00010929163545370102
0.00010991666931658983
0.0001213334035128355
0.00010941666550934315
0.00012741668615490198
0.00013491662684828043
0.00014991674106568098
0.00010879163164645433
0.00016004173085093498
0.0001092500751838088
0.00014554162044078112
0.00010962493252009153
0.0001292916713282466
0.00011933338828384876
0.00015691667795181274
0.00010879163164645433
0.00013470824342221022
0.00012066669296473265
0.0001452916767448187
0.0001097916392609477

(async, average, 800 actors) Done in an average of 0.0001284799980930984 seconds.

Running BenchApp.SpawnManyActors:runAsync with 900 actor(s) and 110 iteration(s).

0.00013262499123811722
0.00013699999544769526
0.0001287916675209999
0.00018149998504668474
0.00013541663065552711
0.00012450001668184996
0.0001588333398103714
0.00015504169277846813
0.0001444583758711815
0.00013433326967060566
0.0001292083179578185
0.00013433338608592749
0.00014620833098888397
0.00015908328350633383
0.00012358324602246284
0.00013562501408159733
0.00017166673205792904
0.00012195832096040249
0.00021529162768274546
0.00013108330313116312
0.00013687496539205313
0.00014254171401262283
0.00018075003754347563
0.00012250000145286322
0.00012870831415057182
0.00013237493112683296
0.0001400416949763894
0.00013516668695956469
0.00014816666953265667
0.0001661666901782155
0.00014645839110016823
0.00015725009143352509
0.00013008329551666975
0.0001280417200177908
0.00016912503633648157
0.00012170837726444006
0.00012354168575257063
0.00012216658797115088
0.00013912504073232412
0.0001260833814740181
0.00013812503311783075
0.00012250000145286322
0.0001667916076257825
0.00013204175047576427
0.00018554169218987226
0.00012824998702853918
0.00012283341493457556
0.00013458332978188992
0.0001313749235123396
0.00013041659258306026
0.00017812498845160007
0.0001322082243859768
0.00014604174066334963
0.00016004161443561316
0.00011999998241662979
0.00018216657917946577
0.00012016668915748596
0.00012958329170942307
0.0001506666885688901
0.00012462504673749208
0.00016825005877763033
0.0001297083217650652
0.00015183340292423964
0.00013608334120362997
0.00012987502850592136
0.00012966664507985115
0.00012812495697289705
0.0001278748968616128
0.0001333332620561123
0.00012291665188968182
0.00012787501327693462
0.00012812495697289705
0.00012966676149517298
0.00019062496721744537
0.00012779165990650654
0.00014679168816655874
0.0001545833656564355
0.00012966664507985115
0.00013291672803461552
0.0001628749305382371
0.0001230000052601099
0.00016633328050374985
0.00013675005175173283
0.00017745839431881905
0.0001250832574442029
0.00016529159620404243
0.00013812503311783075
0.0001612083287909627
0.00013533339370042086
0.00014345836825668812
0.00013408332597464323
0.00014999997802078724
0.00012274994514882565
0.0001330000814050436
0.0001456249738112092
0.00013895833399146795
0.00016424991190433502
0.0001431250711902976
0.00013387505896389484
0.00013025000225752592
0.00013412500265985727
0.00013749999925494194
0.00012462493032217026
0.00014266662765294313
0.0001255833776667714
0.00012974999845027924
0.00017583335284143686
0.0001242499565705657
0.00017037498764693737
0.00012291665188968182

(async, average, 900 actors) Done in an average of 0.00014145166613161565 seconds.

Running BenchApp.SpawnManyActors:runAsync with 1000 actor(s) and 110 iteration(s).

0.00013787508942186832
0.0002007500734180212
0.0001429582480341196
0.00016487494576722383
0.00014483334962278605
0.00018291675951331854
0.00015300000086426735
0.00017529167234897614
0.00014399993233382702
0.0001420000335201621
0.0001767083304002881
0.00016445841174572706
0.00013658334501087666
0.00015866663306951523
0.00017879169899970293
0.0001441666390746832
0.00014745828229933977
0.00015483342576771975
0.00014308339450508356
0.00015591667033731937
0.0001458332408219576
0.00014379166532307863
0.0001759999431669712
0.00014325010124593973
0.00014474999625235796
0.0001434582518413663
0.00014074996579438448
0.00014920835383236408
0.00014958332758396864
0.00014379166532307863
0.00014525000005960464
0.00014629156794399023
0.00014645839110016823
0.00018441665451973677
0.00014833337627351284
0.00017662497702986002
0.0001377916196361184
0.0001537916250526905
0.00014495826326310635
0.00017458328511565924
0.00014720833860337734
0.00014004157856106758
0.00017749995458871126
0.00016283325385302305
0.00017508328892290592
0.00017074996139854193
0.0001627500168979168
0.00014691660180687904
0.00014037510845810175
0.00015424995217472315
0.0001556250499561429
0.00013670825865119696
0.00014112505596131086
0.00014875002671033144
0.00016187503933906555
0.0001561666140332818
0.00017379166092723608
0.00015779165551066399
0.00016558333300054073
0.00015508336946368217
0.000165833393111825
0.0001498749479651451
0.0001789584057405591
0.00014962500426918268
0.00014879170339554548
0.00014379166532307863
0.00016491662245243788
0.00018895836547017097
0.0001793750561773777
0.00014533335343003273
0.00015341665130108595
0.0001484166132286191
0.00015516660641878843
0.0001700833672657609
0.00016862503252923489
0.000144791672937572
0.00015008333139121532
0.00017295836005359888
0.0001344582997262478
0.00017016660422086716
0.00018599990289658308
0.00014608341734856367
0.000175958382897079
0.00015462504234164953
0.0001517917262390256
0.00014474999625235796
0.00014620833098888397
0.0001429166877642274
0.00014608341734856367
0.00017883325926959515
0.0001443750225007534
0.00016250007320195436
0.00017458328511565924
0.00014620833098888397
0.00019275001250207424
0.0001541667152196169
0.00016499997582286596
0.00017812498845160007
0.00014666665811091661
0.00014812499284744263
0.0001488332636654377
0.00014304171781986952
0.00016291660722345114
0.00014370831195265055
0.00014658342115581036
0.00015941658057272434
0.00015816674567759037
0.00014424999244511127
0.0001499583013355732
0.00014804163947701454

(async, average, 1000 actors) Done in an average of 0.00015604083077050746 seconds.

Benchmark done
