Pressed 'Run benchmark'
About to run 'GCD'-version of SpawnManyActors with batch mode: true
Running BenchApp.SpawnManyActors:runGCD with 100 actor(s) and 110 iteration(s).

0.0007863750215619802
0.0004908333066850901
0.00043012492824345827
0.0004235416417941451
0.0004270416684448719
0.00042154162656515837
0.0004241249989718199
0.00042420835234224796
0.00042841664981096983
0.0004309583455324173
0.0004253750666975975
0.0004247915931046009
0.00042679160833358765
0.0003987083910033107
0.00031566666439175606
0.00032104167621582747
0.0003233749885112047
0.00033850001636892557
0.0003195001045241952
0.0003222499508410692
0.000319958315230906
0.0004414166323840618
0.00031245837453752756
0.00034087500534951687
0.0003357083769515157
0.00036379171069711447
0.0003312082262709737
0.00031262508127838373
0.00036979163996875286
0.00035420828498899937
0.0003259166842326522
0.00025379168801009655
0.0002463333075866103
0.00027199997566640377
0.00025575002655386925
0.0002452082699164748
0.0002506666351109743
0.0002734583104029298
0.00025462498888373375
0.0002534582745283842
0.0002527083270251751
0.0002505832817405462
0.000289583345875144
0.00024770828895270824
0.00025349995121359825
0.0002368332352489233
0.000210666679777205
0.0002075833035632968
0.00021974998526275158
0.0002250416437163949
0.00020554172806441784
0.0002064582658931613
0.0002070832997560501
0.00021891668438911438
0.00028837507124990225
0.00022083334624767303
0.0002263750648126006
0.00023804162628948689
0.00022433337289839983
0.00022758333943784237
0.00022291671484708786
0.0002274166326969862
0.0002254582941532135
0.0002196666318923235
0.00022483337670564651
0.00022991665173321962
0.00022074999287724495
0.00022291659843176603
0.0002192499814555049
0.0002210834063589573
0.00022233324125409126
0.00022229168098419905
0.00022262497805058956
0.0002218333538621664
0.0002254582941532135
0.00022995832841843367
0.00022204173728823662
0.00022562500089406967
0.0002420833334326744
0.00022516667377203703
0.00022166676353663206
0.0002219582675024867
0.000228041666559875
0.00022604165133088827
0.00022904167417436838
0.00022899999748915434
0.00022529170382767916
0.00022366666235029697
0.0002218333538621664
0.00022250006441026926
0.0002218333538621664
0.00022200006060302258
0.00022154173348098993
0.00022708333563059568
0.00022237503435462713
0.00022279168479144573
0.0002237916924059391
0.0002219582675024867
0.0002219167072325945
0.00022229168098419905
0.00022262497805058956
0.00022591662127524614
0.00022183323744684458
0.00022166664712131023
0.00022179167717695236
0.00021079170983284712
0.00016237504314631224
0.00016333337407559156
0.00016224989667534828
0.00016354164108633995

(GCD, average, 100 actors) Done in an average of 0.00025333124794997276 seconds.

Running BenchApp.SpawnManyActors:runGCD with 200 actor(s) and 110 iteration(s).

0.0003258333308622241
0.0003245833795517683
0.00032512506004422903
0.00032720831222832203
0.000327166635543108
0.0003239583456888795
0.0003351250197738409
0.00034320843406021595
0.00032691669184714556
0.00032908329740166664
0.00033775006886571646
0.00032466661650687456
0.0003636250039562583
0.00032404158264398575
0.00033891666680574417
0.000325749977491796
0.00032691669184714556
0.0003421666333451867
0.0003264583647251129
0.00033508322667330503
0.0003309583989903331
0.00032454158645123243
0.0003374166553840041
0.0003348332829773426
0.00033441674895584583
0.00033116666600108147
0.0003340833354741335
0.00032683333847671747
0.000327166635543108
0.0003341666888445616
0.00033299997448921204
0.00033020833507180214
0.0003019999712705612
0.0002587082562968135
0.00025729171466082335
0.0002631250536069274
0.00025979173369705677
0.00025545828975737095
0.00025545828975737095
0.0002553332597017288
0.00028454174753278494
0.00029491668101400137
0.000275125028565526
0.00028108328115195036
0.00028562499210238457
0.0002733749570325017
0.0002822499955072999
0.0002798750065267086
0.000272250035777688
0.00027691666036844254
0.00027487496845424175
0.0002734999870881438
0.0002544583985581994
0.00027466658502817154
0.00027395831421017647
0.0002730416599661112
0.00026833335869014263
0.0002787499688565731
0.00027208332903683186
0.000274291611276567
0.00029570842161774635
0.00027075002435594797
0.0002894999925047159
0.0002797500928863883
0.00027287506964057684
0.0002732916036620736
0.00028529169503599405
0.00027199997566640377
0.0002767082769423723
0.00027691666036844254
0.0002752083819359541
0.0002822499955072999
0.0002733750734478235
0.00028124998789280653
0.00027579173911362886
0.0002700833138078451
0.00027520826552063227
0.0002687083324417472
0.0002726666862145066
0.00027629174292087555
0.00027287506964057684
0.0002706666709855199
0.00022370833903551102
0.00023295823484659195
0.0002539583947509527
0.00025174999609589577
0.0002211249666288495
0.00022695830557495356
0.000256958301179111
0.0002239166060462594
0.00022258341778069735
0.0002250416437163949
0.00022666668519377708
0.00023029162548482418
0.00021508336067199707
0.00022716668900102377
0.00023962499108165503
0.0002340000355616212
0.0002273332793265581
0.00022608332801610231
0.00022362498566508293
0.00023708329536020756
0.00024379161186516285
0.00022370833903551102
0.0002257500309497118
0.0002326667308807373
0.00025812501553446054
0.0002281250199303031
0.00022425001952797174
0.00022666668519377708

(GCD, average, 200 actors) Done in an average of 0.0002753141662105918 seconds.

Running BenchApp.SpawnManyActors:runGCD with 300 actor(s) and 110 iteration(s).

0.0003571249544620514
0.0003364167641848326
0.00035924999974668026
0.0003518749726936221
0.0003302916884422302
0.0003525000065565109
0.00032566662412136793
0.0003385416930541396
0.00032704160548746586
0.0002874999772757292
0.00028924993239343166
0.000288791605271399
0.00030770839657634497
0.00028970837593078613
0.00028995831962674856
0.0002906250301748514
0.00028600008226931095
0.00029162492137402296
0.0002859999658539891
0.00029200001154094934
0.00028970837593078613
0.000292458338662982
0.00031625002156943083
0.000293916673399508
0.0002893749624490738
0.00028487504459917545
0.00030483328737318516
0.00029541668482124805
0.0002940000267699361
0.00029025005642324686
0.0002858750522136688
0.0003027083585038781
0.0002855833154171705
0.00029529177118092775
0.00028325000312179327
0.00026441668160259724
0.00026658340357244015
0.0002630415838211775
0.00028179166838526726
0.00027012499049305916
0.00026620831340551376
0.0002595416735857725
0.00026433332823216915
0.0002640833845362067
0.0002651667455211282
0.00026300002355128527
0.00026341667398810387
0.00026216660626232624
0.00026208336930722
0.00026395823806524277
0.0002637916477397084
0.00027954159304499626
0.0002712917048484087
0.00026691658422350883
0.00028145837131887674
0.0002749999985098839
0.00026991660706698895
0.0002605833578854799
0.00026545836590230465
0.00026837491896003485
0.00026225007604807615
0.00026208325289189816
0.000268541625700891
0.00026225007604807615
0.00024225004017353058
0.00024170835968106985
0.00023954163771122694
0.000251166638918221
0.0002392916940152645
0.00024033337831497192
0.00024012511130422354
0.00026237498968839645
0.00024004164151847363
0.0002496249508112669
0.00024216657038778067
0.0002502499846741557
0.0002382500097155571
0.00024020823184400797
0.00025145825929939747
0.00025625003036111593
0.00024612504057586193
0.0002369165886193514
0.0002600832376629114
0.00025100004859268665
0.0002545833121985197
0.00024429173208773136
0.00023941672407090664
0.0002335000317543745
0.00023170828353613615
0.00021991669200360775
0.000225958414375782
0.00022995832841843367
0.00022691674530506134
0.00022829172667115927
0.00023141666315495968
0.0002451665932312608
0.00023429165594279766
0.00022716668900102377
0.00022287503816187382
0.00022600009106099606
0.00022745830938220024
0.00022849999368190765
0.00023891660384833813
0.0002312499564141035
0.00022537505719810724
0.00025287503376603127
0.0002551666693761945
0.00021095830015838146
0.00022595829796046019
0.0002532083308324218

(GCD, average, 300 actors) Done in an average of 0.0002604312519542873 seconds.

Running BenchApp.SpawnManyActors:runGCD with 400 actor(s) and 110 iteration(s).

0.000301166670396924
0.00030220835469663143
0.0003024584148079157
0.00033166666980832815
0.0003263333346694708
0.00029595824889838696
0.0003342083655297756
0.000297458260320127
0.00029800005722790956
0.00030141661409288645
0.00031100003980100155
0.00029500003438442945
0.0003293749177828431
0.00032420840580016375
0.0003031250089406967
0.0002913334174081683
0.00030316668562591076
0.00029995839577168226
0.0003110832767561078
0.0003027083585038781
0.00030545832123607397
0.0003018333809450269
0.00032504170667380095
0.00029624998569488525
0.0002972499933093786
0.00029633333906531334
0.00029458338394761086
0.0003032083623111248
0.00029150000773370266
0.0003291250905022025
0.0003007500199601054
0.00030162499751895666
0.0003015416441485286
0.0002979582641273737
0.0002932082861661911
0.00030387507285922766
0.0003182917134836316
0.0002976666437461972
0.0003202499356120825
0.00032258336432278156
0.0002946250606328249
0.0003080416936427355
0.0003220000071451068
0.000323625048622489
0.00031587504781782627
0.00031358329579234123
0.0002965416060760617
0.0003035416593775153
0.00029283331241458654
0.00029975001234561205
0.00029445835389196873
0.00032516662031412125
0.00030624994542449713
0.0002955832751467824
0.00029591668862849474
0.000301166670396924
0.0003049583174288273
0.00032795837614685297
0.0002991666551679373
0.00030241673812270164
0.0003212500596418977
0.0002935000229626894
0.00029779167380183935
0.0003378333058208227
0.0003005416365340352
0.00030316668562591076
0.00029912497848272324
0.00029779167380183935
0.0002984582679346204
0.00030191661790013313
0.0002923749852925539
0.00029533333145081997
0.00029883335810154676
0.000323666725307703
0.0003014584071934223
0.00029749993700534105
0.00030379160307347775
0.00029237510170787573
0.0002986250910907984
0.0003225000109523535
0.00031270831823349
0.00030133326072245836
0.0003234583418816328
0.00029541668482124805
0.0002975417301058769
0.0003223333042114973
0.000299708335660398
0.00029375008307397366
0.0003188750706613064
0.0003020833246409893
0.0003148749237880111
0.00030087505001574755
0.00029633333906531334
0.0003205416724085808
0.00029912497848272324
0.0002936249366030097
0.000316416728310287
0.0002971250796690583
0.0003003333695232868
0.0003017500275745988
0.00031566666439175606
0.0003318332601338625
0.00029420829378068447
0.00030345842242240906
0.00029583333525806665
0.00033258332405239344
0.0003242082893848419
0.00029941671527922153
0.0003196250181645155
0.00029912497848272324

(GCD, average, 400 actors) Done in an average of 0.0003059475077316165 seconds.

Running BenchApp.SpawnManyActors:runGCD with 500 actor(s) and 110 iteration(s).

0.00036179169546812773
0.00037058338057249784
0.0003669583238661289
0.0003558750031515956
0.0003750000614672899
0.00036491663195192814
0.0003729582531377673
0.0003661249065771699
0.00036908325273543596
0.00038745824713259935
0.0003709999145939946
0.0003856666153296828
0.0003751249751076102
0.0003975833533331752
0.0003860832657665014
0.0003991667181253433
0.0003696249332278967
0.0003868748899549246
0.0003680833615362644
0.0003689998993650079
0.0003885000478476286
0.0003675416810438037
0.0003938750596717
0.0003680416848510504
0.00038724998012185097
0.000369291752576828
0.0003701250534504652
0.00039279169868677855
0.0003630000865086913
0.00037358328700065613
0.0003756249789148569
0.0003674583276733756
0.0003926249919459224
0.00036099995486438274
0.00037066673394292593
0.0003898333525285125
0.00037204171530902386
0.00039020832628011703
0.00036895833909511566
0.00036170834209769964
0.0003708750009536743
0.00036945834290236235
0.00036824995186179876
0.0003587499959394336
0.00037516665179282427
0.00039166666101664305
0.00039258331526070833
0.0003631250001490116
0.0003676667110994458
0.0003746666479855776
0.0003677916247397661
0.00037070841062813997
0.0003856249386444688
0.00037108338437974453
0.0003911249805241823
0.000366375083103776
0.0003952083643525839
0.00036862504202872515
0.0003925416385754943
0.00035654171369969845
0.000371375004760921
0.0003635416505858302
0.00037545838858932257
0.00037483335472643375
0.0003884165780618787
0.0003687500720843673
0.00036295840982347727
0.0003706250572577119
0.00037120841443538666
0.0003637499175965786
0.00037025008350610733
0.0003734583733603358
0.00036995834670960903
0.00036212499253451824
0.0003888333449140191
0.0003685833653435111
0.0003676250344142318
0.0003648333949968219
0.00038483331445604563
0.0003676250344142318
0.0003900832962244749
0.00036616669967770576
0.0003633333835750818
0.00036183325573801994
0.0003780417609959841
0.00036029168404638767
0.0003747083246707916
0.00036420836113393307
0.00037091667763888836
0.000365583342500031
0.00038670841604471207
0.00036433327477425337
0.0003610416315495968
0.0003698333166539669
0.00036812503822147846
0.0003636250039562583
0.000364166684448719
0.00036545831244438887
0.00036325003020465374
0.0003535415744408965
0.00037274998612701893
0.0003652917221188545
0.00036979163996875286
0.0003682500682771206
0.0003686667187139392
0.0003687082789838314
0.00037016673013567924
0.00037150003481656313
0.0003601249773055315
0.00036908325273543596

(GCD, average, 500 actors) Done in an average of 0.00037298792391084136 seconds.

Running BenchApp.SpawnManyActors:runGCD with 600 actor(s) and 110 iteration(s).

0.00042637495789676905
0.00044329173397272825
0.00043433334212750196
0.0004337499849498272
0.00043958332389593124
0.00043770833872258663
0.00045004161074757576
0.0004564584232866764
0.0004363333573564887
0.0004338750150054693
0.0004620415857061744
0.0004357083234935999
0.00043954176362603903
0.000434375018812716
0.0004553332692012191
0.00043958332389593124
0.00042799999937415123
0.000440166681073606
0.00043141667265444994
0.0004612499615177512
0.0004342916654422879
0.00043908332008868456
0.0004342916654422879
0.0004544999683275819
0.0004368333611637354
0.00044333329424262047
0.00043637503404170275
0.00043699995148926973
0.00044049997813999653
0.00043029163498431444
0.0004379999591037631
0.00043750007171183825
0.00043350004125386477
0.00043887505307793617
0.0004322084132581949
0.0004371666582301259
0.00043524999637156725
0.0004379999591037631
0.00043433322571218014
0.000433583278208971
0.0004334583645686507
0.0004320000298321247
0.00043770833872258663
0.0004382083425298333
0.0004346666391938925
0.0004376666620373726
0.00043391669169068336
0.00043554173316806555
0.00043958332389593124
0.00045712501741945744
0.0004345417255535722
0.0004386249929666519
0.0004359165905043483
0.00043249991722404957
0.0004380833124741912
0.00043287500739097595
0.00043804163578897715
0.0004397499142214656
0.0004945832770317793
0.0004359165905043483
0.00043999997433274984
0.00043837493285536766
0.00043866666965186596
0.00043999997433274984
0.0004372915718704462
0.000438083428889513
0.0004353750264272094
0.0004366249777376652
0.0004327499773353338
0.0004395416472107172
0.0004352916730567813
0.00043833337258547544
0.00044166669249534607
0.0004434167640283704
0.0004352083196863532
0.00043958332389593124
0.0004347083158791065
0.00043616676703095436
0.0004382083425298333
0.0004373333649709821
0.0004389166133478284
0.0004338748985901475
0.00045020831748843193
0.00044762506149709225
0.00044700002763420343
0.0004361249739304185
0.00043629168067127466
0.0004462499637156725
0.0004342499887570739
0.0004361250903457403
0.0004349583759903908
0.00043029163498431444
0.00044270826037973166
0.00043225008994340897
0.0004368333611637354
0.0004425416700541973
0.000437916605733335
0.0004569166339933872
0.00044020835775882006
0.0004345834022387862
0.0004354999400675297
0.00044095830526202917
0.0004370416281744838
0.0004353750264272094
0.0004347916692495346
0.0004367915680631995
0.00043670833110809326
0.0004353750264272094
0.0004294166574254632
0.00044229160994291306

(GCD, average, 600 actors) Done in an average of 0.0004388979112263769 seconds.

Running BenchApp.SpawnManyActors:runGCD with 700 actor(s) and 110 iteration(s).

0.0004995000781491399
0.0005128750344738364
0.0005051249172538519
0.0005058750975877047
0.0005098333349451423
0.0005065415753051639
0.0005042916163802147
0.000508916680701077
0.0005126249743625522
0.0005186250200495124
0.0005061249248683453
0.000508250086568296
0.000508083263412118
0.0005068333121016622
0.0005052500637248158
0.0005013749469071627
0.0005101249553263187
0.0005079166730865836
0.0005093750078231096
0.0005067499587312341
0.0005051250336691737
0.0005050000036135316
0.0005005833227187395
0.0005009167362004519
0.0005140000721439719
0.0005071666091680527
0.0005077499663457274
0.0005065833684056997
0.0005059583345428109
0.0005052916239947081
0.0005069583421573043
0.0005086667370051146
0.0005081667331978679
0.000507458345964551
0.000508958357386291
0.0005054583307355642
0.0005065000150352716
0.0005044583231210709
0.0005079166730865836
0.0005042083794251084
0.0005108750192448497
0.0005037083756178617
0.0005112916696816683
0.0005054166540503502
0.000507458345964551
0.0005051250336691737
0.0005070000188425183
0.0005069166654720902
0.0005077500827610493
0.0005019583040848374
0.0005112499929964542
0.000504625029861927
0.0005029583116993308
0.0005056667141616344
0.0005099166883155704
0.0005048334132879972
0.0005058750975877047
0.0005042917327955365
0.0005062500713393092
0.0005088333273306489
0.0005133333615958691
0.0005034999921917915
0.0005066667217761278
0.0005077082896605134
0.0005087500903755426
0.0004992083413526416
0.0005130000645294785
0.0005063749849796295
0.0005096666282042861
0.0005011250032112002
0.0005091249477118254
0.0005034999921917915
0.0005076250527054071
0.0005027500446885824
0.0005093750078231096
0.0005101250717416406
0.0005111249629408121
0.0005079166730865836
0.0005027917213737965
0.0005004999693483114
0.0005229999078437686
0.000506000011228025
0.0005268333479762077
0.0005247083026915789
0.0005083750002086163
0.000505375093780458
0.00051099993288517
0.0005088333273306489
0.0005344166420400143
0.0005195833509787917
0.0005050000036135316
0.0005086250603199005
0.0005042082630097866
0.0005541250575333834
0.000503166695125401
0.0005050833569839597
0.0005083750002086163
0.0005050416802987456
0.0005253750132396817
0.0005074166692793369
0.0005062082782387733
0.0005557916592806578
0.0005035416688770056
0.0005107083125039935
0.0005308333784341812
0.0005021666875109076
0.0005092916544526815
0.0005035833455622196
0.0005080000264570117
0.000507500022649765

(GCD, average, 700 actors) Done in an average of 0.0005089554272126407 seconds.

Running BenchApp.SpawnManyActors:runGCD with 800 actor(s) and 110 iteration(s).

0.0005783333908766508
0.0005784166278317571
0.0005812083836644888
0.0005832082824781537
0.0005825000116601586
0.0005760416388511658
0.0005782082444056869
0.0005763333756476641
0.0005769167328253388
0.0005802082596346736
0.000578374951146543
0.0005750833079218864
0.0006217915797606111
0.0005762915825471282
0.0005884167039766908
0.0005825416883453727
0.0005779166240245104
0.0005792916053906083
0.0005814166506752372
0.0006072500254958868
0.0005784166278317571
0.0005789584247395396
0.0005819583311676979
0.0005768750561401248
0.0005782917141914368
0.0005789167480543256
0.0005798750789836049
0.0006036249687895179
0.0005837916396558285
0.0005759582854807377
0.000576250022277236
0.0005787916015833616
0.0005830833688378334
0.0006039999425411224
0.0005797917256131768
0.0005785833345726132
0.0005785833345726132
0.0005793332820758224
0.0005815833574160933
0.0005796250188723207
0.0006015832768753171
0.0005793750751763582
0.0005747083341702819
0.0005821667145937681
0.0005758749321103096
0.0005786250112578273
0.0005822499515488744
0.0005787917179986835
0.0005825000116601586
0.0005794583121314645
0.0005765416426584125
0.000579125015065074
0.0005969166522845626
0.0006025417242199183
0.000579208368435502
0.0005781250074505806
0.0005819583311676979
0.0005769582930952311
0.0005830000154674053
0.0005797500489279628
0.0005825416883453727
0.0005913333734497428
0.0005840416997671127
0.00057050003670156
0.0005759999621659517
0.0005768333794549108
0.0005809583235532045
0.0006030832882970572
0.0005814166506752372
0.0006044583860784769
0.0005760000785812736
0.0005802082596346736
0.0005984166637063026
0.0005993333179503679
0.0005794583121314645
0.0005767083493992686
0.0005755416350439191
0.0005729167023673654
0.000582000007852912
0.0005778333870694041
0.0005995415849611163
0.0005808334099128842
0.0005767917027696967
0.0005769167328253388
0.0005804166430607438
0.0005780416540801525
0.0005782915977761149
0.0005992499645799398
0.000576916616410017
0.0005785416578873992
0.0005788332782685757
0.0005720416083931923
0.0005732916761189699
0.0005798749625682831
0.0006047916831448674
0.0005793749587610364
0.0005779999773949385
0.0005817082710564137
0.0005742916837334633
0.0006025416078045964
0.000605166656896472
0.0005769582930952311
0.0005725000519305468
0.0005787499248981476
0.0005761666689068079
0.0005794166354462504
0.0005769167328253388
0.0006007499760016799
0.0005807082634419203
0.0005765417590737343

(GCD, average, 800 actors) Done in an average of 0.0005829787475522607 seconds.

Running BenchApp.SpawnManyActors:runGCD with 900 actor(s) and 110 iteration(s).

0.0006487499922513962
0.0006446666084229946
0.0006550416583195329
0.0006773333298042417
0.0006497083231806755
0.0006464166799560189
0.0006497499998658895
0.0006523333722725511
0.0006509167142212391
0.0006550416583195329
0.0006427082698792219
0.0006495832931250334
0.0006437916308641434
0.0006536250002682209
0.0006409999914467335
0.0006897083949297667
0.0006467916537076235
0.0006518750451505184
0.0006502083269879222
0.0006460833828896284
0.0006503749173134565
0.0006472916575148702
0.0006777916569262743
0.0006448749918490648
0.000647250097244978
0.0006434583337977529
0.0006682499079033732
0.000671125017106533
0.000652291695587337
0.0006697500357404351
0.0006505416240543127
0.0006439998978748918
0.0006538332672789693
0.0006976251024752855
0.000648541608825326
0.0006533333798870444
0.0006483333418145776
0.0006477084243670106
0.0006716249044984579
0.0006725833518430591
0.0006495000561699271
0.0006441250443458557
0.0006443333113566041
0.0006453334353864193
0.0006729583255946636
0.000650833360850811
0.0006478750146925449
0.0006459583528339863
0.0006689582951366901
0.0006502083269879222
0.0006462499732151628
0.0006695416523143649
0.0006432500667870045
0.0006727083818987012
0.0006480832817032933
0.0006481250748038292
0.0006451249355450273
0.0006518332520499825
0.0006462916499003768
0.0006492916727438569
0.0006515833083540201
0.0006515416316688061
0.000671916757710278
0.0006480833981186152
0.0006492916727438569
0.0006509167142212391
0.0006501249736174941
0.0006432917434722185
0.000649416702799499
0.0006728332955390215
0.0006473750108852983
0.000673916656523943
0.0006461666198447347
0.0006462917663156986
0.0006489583756774664
0.0006718332879245281
0.0006487499922513962
0.0006449583452194929
0.000649333349429071
0.0006467499770224094
0.0006667916895821691
0.0006497083231806755
0.0006481666350737214
0.0006488332292065024
0.0006410833448171616
0.0006510417442768812
0.0006474166875705123
0.0006512916879728436
0.0006455000257119536
0.000663041602820158
0.0006484165787696838
0.0006702083628624678
0.0006473333342000842
0.0006676666671410203
0.0006497916765511036
0.0006532500265166163
0.0006533749401569366
0.0006507084472104907
0.0006513332482427359
0.0006747916340827942
0.0006489583756774664
0.0006522083422169089
0.0006509582744911313
0.0006468750070780516
0.0006476249545812607
0.0006741667166352272
0.0006519582821056247
0.000647124950774014
0.0006479999283328652
0.0006387917092069983

(GCD, average, 900 actors) Done in an average of 0.00065366291673854 seconds.

Running BenchApp.SpawnManyActors:runGCD with 1000 actor(s) and 110 iteration(s).

0.0007270417409017682
0.0007202917477115989
0.000715958303771913
0.000728333368897438
0.0007187082665041089
0.0007164166308939457
0.0007184999994933605
0.0007195000071078539
0.000718208379112184
0.0007201250409707427
0.0007197499508038163
0.0007142917020246387
0.0007203333079814911
0.0007182916160672903
0.0007209166651591659
0.0007184166461229324
0.0007184583228081465
0.0007194583304226398
0.0007405832875519991
0.0007273750379681587
0.0007198333041742444
0.0007129167206585407
0.000731208361685276
0.000716750044375658
0.0007161250105127692
0.000717333285138011
0.0007160416571423411
0.0007094165775924921
0.0007196665974333882
0.0007474166341125965
0.0007207917515188456
0.0007160416571423411
0.0007184999994933605
0.000721083371900022
0.0007169583113864064
0.0007136666681617498
0.0007222499698400497
0.000716041773557663
0.0007186250295490026
0.0007428333628922701
0.0007192082703113556
0.0007171249017119408
0.0007094999309629202
0.0007179999956861138
0.0007192499469965696
0.0007632917258888483
0.0007130833109840751
0.000715958303771913
0.0007154167396947742
0.0007410000544041395
0.0007185833528637886
0.0007176250219345093
0.0007451666751876473
0.0007203749846667051
0.0007224582368507981
0.0007201666012406349
0.0007211666088551283
0.0007208333117887378
0.0007212084019556642
0.0007159999804571271
0.0007164166308939457
0.0007397083099931479
0.000717374961823225
0.00072245835326612
0.0007177083753049374
0.00072395836468786
0.0007193334167823195
0.000744874938391149
0.0007227499736472964
0.0007165833376348019
0.000723916688002646
0.000719625037163496
0.0007222082931548357
0.0007670833729207516
0.0007179166423156857
0.0007175416685640812
0.0007194166537374258
0.0007192083867266774
0.000736916670575738
0.0007191667100414634
0.000719625037163496
0.0007174166385084391
0.0007177082588896155
0.000743333250284195
0.0007178332889452577
0.0007170833414420485
0.0007232500938698649
0.000746458419598639
0.0007449582917615771
0.0007175833452492952
0.0007088333368301392
0.0007142082322388887
0.0007242916617542505
0.0007179999956861138
0.000721083371900022
0.000748583348467946
0.0007198333041742444
0.0007161666871979833
0.0007189166499301791
0.0007467499235644937
0.0007207500748336315
0.0007148750592023134
0.000720208277925849
0.0007114582695066929
0.0007150833262130618
0.0007143333787098527
0.000738416681997478
0.0007197499508038163
0.0007142083486542106
0.0007218333194032311

(GCD, average, 1000 actors) Done in an average of 0.0007228379126172512 seconds.

Benchmark done
