Pressed 'Run benchmark'
About to run 'GCD'-version of SpawnManyActors with batch mode: true
Running BenchApp.SpawnManyActors:runGCD with 100 actor(s) and 110 iteration(s).

0.0006997083546593785
0.0006296667270362377
0.0006169582484290004
0.000616125063970685
0.0006221249932423234
0.0005978749832138419
0.0004675416275858879
0.0004651250783354044
0.0004643333377316594
0.0004680417478084564
0.0004668750334531069
0.00046641670633107424
0.0005155416438356042
0.0004597082734107971
0.0003725416027009487
0.00041574996430426836
0.0004117500502616167
0.0004472082946449518
0.00036591675598174334
0.00036479171831160784
0.00036399997770786285
0.0003639583010226488
0.00036870839539915323
0.0003638333873823285
0.0003608333645388484
0.00036433327477425337
0.00036433327477425337
0.0003634166205301881
0.00036399997770786285
0.0003368749748915434
0.000303416745737195
0.0003000834258273244
0.0003043333999812603
0.00030112499371171
0.00030375004280358553
0.0003992916317656636
0.0003233333118259907
0.0003322083503007889
0.00033062498550862074
0.00032641668803989887
0.00033033324871212244
0.00031712499912828207
0.000325749977491796
0.0003251667367294431
0.0003201666986569762
0.00032774999272078276
0.00031875004060566425
0.00032070837914943695
0.0003284165868535638
0.00031683326233178377
0.0003189999843016267
0.0003197499318048358
0.00031645840499550104
0.00031958334147930145
0.00031895830761641264
0.00031683326233178377
0.0003243749961256981
0.0003194583114236593
0.00032204168383032084
0.00032049999572336674
0.0003268750151619315
0.0003157083410769701
0.00031625002156943083
0.00031587504781782627
0.00031625002156943083
0.0003041250165551901
0.0002312499564141035
0.00023125007282942533
0.00023166672326624393
0.00023150001652538776
0.0002330833813175559
0.0002358750207349658
0.0002316666068509221
0.00023133342619985342
0.00023120827972888947
0.00023341667838394642
0.00023158336989581585
0.0002311250427737832
0.00023141666315495968
0.000230916659347713
0.00023150001652538776
0.00023137498646974564
0.00023145833984017372
0.00023166672326624393
0.00023158336989581585
0.0002315416932106018
0.00023187499027699232
0.00023150001652538776
0.00023154157679527998
0.00023158336989581585
0.00023345823865383863
0.00023137498646974564
0.00023141666315495968
0.00023170839995145798
0.0002316250465810299
0.0002313333097845316
0.0002316250465810299
0.0002312083961442113
0.0002313333097845316
0.00023141666315495968
0.00023424997925758362
0.00023429165594279766
0.0002340415958315134
0.0002312083961442113
0.00023145833984017372
0.0002343333326280117
0.00023574999067932367
0.00023562496062368155
0.00023666664492338896
0.0002342084189876914

(GCD, average, 100 actors) Done in an average of 0.0002966966712847352 seconds.

Running BenchApp.SpawnManyActors:runGCD with 200 actor(s) and 110 iteration(s).

0.000464749988168478
0.0004672083305194974
0.0004711250076070428
0.0004672916838899255
0.0004692916991189122
0.0004686666652560234
0.000445916666649282
0.00036325003020465374
0.0003638333873823285
0.000366208259947598
0.00037070829421281815
0.00036874995566904545
0.00036812492180615664
0.0003752916818484664
0.00036841665860265493
0.0003658750792965293
0.00037120829802006483
0.00036750000435858965
0.00037020829040557146
0.0003634167369455099
0.00036333326715976
0.00036604166962206364
0.0003701250534504652
0.00036358332727104425
0.0003632499137893319
0.0003661250229924917
0.00036966660991311073
0.00036225002259016037
0.00036333326715976
0.00036812503822147846
0.0003662083763629198
0.00036337494384497404
0.00036637496668845415
0.00036408333107829094
0.00036587496288120747
0.000368500011973083
0.00037108338437974453
0.0003708333242684603
0.0003524583298712969
0.00030037504620850086
0.00030912505462765694
0.0003000416327267885
0.0003027917118743062
0.0003076666034758091
0.0002999167190864682
0.00030283338855952024
0.0003027082420885563
0.00029995839577168226
0.0003030833322554827
0.0003062083851546049
0.0003028750652447343
0.0003070832462981343
0.0002999999560415745
0.0003030833322554827
0.00031174998730421066
0.00030608323868364096
0.00030191661790013313
0.00030966661870479584
0.0003030833322554827
0.0003119583707302809
0.00031399994622915983
0.00030624994542449713
0.0003068333026021719
0.00029983336571604013
0.0003041250165551901
0.00030379160307347775
0.00030291674192994833
0.0002999999560415745
0.0003126249648630619
0.0003097499720752239
0.0003030833322554827
0.00030262500513345003
0.0003027917118743062
0.00031341658905148506
0.00030670827254652977
0.0003000000724568963
0.0003087916411459446
0.0003434583777561784
0.0002865833230316639
0.000278000021353364
0.0002731666900217533
0.00027845834847539663
0.00028195837512612343
0.0002870833268389106
0.000309166731312871
0.00026587501633912325
0.0002792499726638198
0.0002751249121502042
0.0002761250361800194
0.00026400003116577864
0.00027866673190146685
0.0002772916341200471
0.0002772916341200471
0.00028920837212353945
0.0002999999560415745
0.00027600000612437725
0.00028891663532704115
0.0002777917543426156
0.0002737917238846421
0.0002927082823589444
0.00028124998789280653
0.00028529169503599405
0.00027837499510496855
0.00028704176656901836
0.00025658332742750645
0.0002524165902286768
0.0002506250748410821
0.00024779164232313633
0.0002565416507422924
0.00026104168500751257

(GCD, average, 200 actors) Done in an average of 0.00031410749768838285 seconds.

Running BenchApp.SpawnManyActors:runGCD with 300 actor(s) and 110 iteration(s).

0.0003707499708980322
0.00037554174195975065
0.00036987499333918095
0.0003687082789838314
0.00037454161792993546
0.0003730416065081954
0.00037504173815250397
0.0003695415798574686
0.0003775833174586296
0.0003703333204612136
0.0003694166662171483
0.00037741672713309526
0.00037599995266646147
0.00037566665560007095
0.0003737499937415123
0.00037058338057249784
0.000371375004760921
0.00033970840740948915
0.000345333362929523
0.0003402917645871639
0.0003400000277906656
0.0003377082757651806
0.0003380000125616789
0.00034425000194460154
0.00033962505403906107
0.0003435834078118205
0.0003402916481718421
0.00034495838917791843
0.00034087500534951687
0.00034374999813735485
0.00034341670107096434
0.00033933331724256277
0.0003370832419022918
0.00034074997529387474
0.00034912500996142626
0.0003351665800437331
0.0003207916161045432
0.0003265832783654332
0.00033620838075876236
0.0003231666050851345
0.0003190001007169485
0.0003163332585245371
0.0003246249398216605
0.0003179584164172411
0.00032091664616018534
0.00031712499912828207
0.0003197499318048358
0.0003260415978729725
0.000317041645757854
0.00033062498550862074
0.00031483324710279703
0.00034016661811619997
0.00032020825892686844
0.0003167500253766775
0.00032504170667380095
0.0003180833300575614
0.0003172500291839242
0.00031908333767205477
0.0003223333042114973
0.0003238749923184514
0.00032037508208304644
0.00031854165717959404
0.00031895830761641264
0.00033745833206921816
0.0003173749428242445
0.00032537500374019146
0.0003196250181645155
0.0003195416647940874
0.0003246667329221964
0.0003201250219717622
0.0003154999576508999
0.00031537492759525776
0.00035520829260349274
0.00031616666819900274
0.00031666667200624943
0.0003146666567772627
0.0003143333597108722
0.0003144583897665143
0.0003141250927001238
0.0003278750227764249
0.00031712499912828207
0.0003364583244547248
0.00031450006645172834
0.0003152915742248297
0.00031616666819900274
0.0003205416724085808
0.00032783334609121084
0.0003177917096763849
0.00032033328898251057
0.00032866664696484804
0.0003189166309311986
0.00032154168002307415
0.00032616674434393644
0.0003212500596418977
0.0003206665860489011
0.000322208390571177
0.0003189999843016267
0.0003222082741558552
0.00031670834869146347
0.0003182083601132035
0.0003252082969993353
0.00031925004441291094
0.0003190416609868407
0.0003234583418816328
0.0003305833088234067
0.0003282916732132435
0.00032454170286655426
0.0003174584126099944
0.00031504163052886724
0.0003343750722706318

(GCD, average, 300 actors) Done in an average of 0.00032916500116698445 seconds.

Running BenchApp.SpawnManyActors:runGCD with 400 actor(s) and 110 iteration(s).

0.0004437500610947609
0.00042204163037240505
0.00043237500358372927
0.00044412503484636545
0.0004422083729878068
0.0004205417353659868
0.00044462503865361214
0.00044341664761304855
0.0004170415922999382
0.00044083327520638704
0.0004222916904836893
0.0004156667273491621
0.0004195000510662794
0.00042762502562254667
0.0004240416456013918
0.0004205417353659868
0.00041212490759789944
0.00044137495569884777
0.0004297083942219615
0.0004452499561011791
0.0004137082723900676
0.00042087503243237734
0.00041904172394424677
0.00041829177644103765
0.0004197083180770278
0.00041366671212017536
0.0004286667099222541
0.0004210832994431257
0.00041554158087819815
0.000415583373978734
0.00042437505908310413
0.0004187916638329625
0.0004115416668355465
0.00041912496089935303
0.00047087494749575853
0.00041787500958889723
0.0004427499370649457
0.00043999997433274984
0.0004197083180770278
0.00041437498293817043
0.0004236249951645732
0.0004132917383685708
0.0004142499528825283
0.0004241666756570339
0.0004217916866764426
0.0004202083218842745
0.0004151667235419154
0.00042483326978981495
0.0004239582922309637
0.0004135833587497473
0.0004158749943599105
0.00041787500958889723
0.0004165415884926915
0.0004244584124535322
0.00041420827619731426
0.00048354163300246
0.00041737500578165054
0.00043212505988776684
0.00042854167986661196
0.0004386249929666519
0.000426333281211555
0.00042099994607269764
0.00043895829003304243
0.0004212500061839819
0.00042945833411067724
0.00045033334754407406
0.00041408324614167213
0.00043533334974199533
0.0004303334280848503
0.0004153334302827716
0.00042358331847935915
0.0004153749905526638
0.0004179582465440035
0.0004294166574254632
0.0004827083321288228
0.0004489166894927621
0.0004192916676402092
0.00041708326898515224
0.0004477500915527344
0.0004232499049976468
0.0004214582731947303
0.00042212498374283314
0.0004125833511352539
0.000434375018812716
0.0004148334264755249
0.0004257917171344161
0.000419083284214139
0.0004273334052413702
0.0004199582617729902
0.00041666661854833364
0.00041945837438106537
0.0004444166552275419
0.00042245828080922365
0.00041450001299381256
0.0004192916676402092
0.00042212498374283314
0.0004272083751857281
0.0004227083409205079
0.0004161249380558729
0.00041579175740480423
0.00041870842687785625
0.0004276665858924389
0.00041583331767469645
0.0004222916904836893
0.00042479170951992273
0.00042729161214083433
0.0004224166041240096
0.00041508337017148733
0.00041158334352076054
0.00042320822831243277

(GCD, average, 400 actors) Done in an average of 0.00042462666518986223 seconds.

Running BenchApp.SpawnManyActors:runGCD with 500 actor(s) and 110 iteration(s).

0.0005216666031628847
0.000521916663274169
0.0005234999116510153
0.0005237916484475136
0.000521333422511816
0.0005164999747648835
0.0005237499717622995
0.0005217499565333128
0.0005207083886489272
0.0005223749903962016
0.0005177083658054471
0.0005257083103060722
0.0005220416933298111
0.0005178750725463033
0.0005212916294112802
0.0005415416089817882
0.0005242499755695462
0.0005239583551883698
0.0005243333289399743
0.0005297083407640457
0.000519833411090076
0.0005217916332185268
0.0005212082760408521
0.0005251666298136115
0.0005230000242590904
0.0005232499679550529
0.000530666671693325
0.0005232916446402669
0.0005203334148973227
0.0005150416400283575
0.0005272499984130263
0.0005408332217484713
0.0005392082966864109
0.0005200000014156103
0.0005480833351612091
0.0005454584024846554
0.0005193332908675075
0.0005191665841266513
0.0005227082874625921
0.0005158749409019947
0.0005240833852440119
0.0005541249411180615
0.0005289166001603007
0.000519083347171545
0.0005207083886489272
0.0005200000014156103
0.0005232082912698388
0.0005229166708886623
0.0005138332489877939
0.0005298333708196878
0.0005223333137109876
0.0005210000090301037
0.0005220832535997033
0.000520500005222857
0.0005557499825954437
0.0005503749707713723
0.000532041653059423
0.0005230832612141967
0.000522708403877914
0.0005438333610072732
0.0005445417482405901
0.0005142083391547203
0.0005281666526570916
0.000525625073350966
0.0005565833998844028
0.0005220832535997033
0.0005461249966174364
0.0005357916234061122
0.000547375064343214
0.0005313750589266419
0.0005197500577196479
0.0005305416416376829
0.0005222082836553454
0.000544458394870162
0.00055312504991889
0.0005162500310689211
0.0005281667690724134
0.0005134583916515112
0.0005195416742935777
0.000522000016644597
0.0005460416432470083
0.0005466666771098971
0.0005249582463875413
0.0005241666221991181
0.000521333422511816
0.0005189166404306889
0.0005169166252017021
0.0005614582914859056
0.0005245417123660445
0.000543624977581203
0.0005832499591633677
0.0005244999192655087
0.000519083347171545
0.0005439167143777013
0.0005158333806321025
0.0005457916995510459
0.000529166660271585
0.0005152083467692137
0.0005531249335035682
0.000521291745826602
0.0005254166899248958
0.0005369166610762477
0.0005227916408330202
0.0005237082950770855
0.0005268750246614218
0.0005137500120326877
0.0005317917093634605
0.00051837507635355
0.0005151666700839996
0.0005259166937321424

(GCD, average, 500 actors) Done in an average of 0.0005288220837246627 seconds.

Running BenchApp.SpawnManyActors:runGCD with 600 actor(s) and 110 iteration(s).

0.0006774583598598838
0.0006374584045261145
0.000622499966993928
0.0006234167376533151
0.0006258749635890126
0.0006243332754820585
0.0006226249970495701
0.0006219999631866813
0.0006202500080689788
0.0006250832229852676
0.000620416714809835
0.0006224584067240357
0.00062112498562783
0.000627541565336287
0.0006227500271052122
0.000622541643679142
0.0006240833317860961
0.0006532499101012945
0.0006237083580344915
0.0006229582941159606
0.0006199583876878023
0.0006527083460241556
0.0006170000415295362
0.0006236250046640635
0.0006463333265855908
0.0006193333538249135
0.0006242083618417382
0.0006214582826942205
0.0006498333532363176
0.0006455417023971677
0.00061962497420609
0.0006412499351426959
0.0006417083786800504
0.0006236666813492775
0.0006201250944286585
0.0006475000409409404
0.0006204582750797272
0.0006432082736864686
0.0006130833644419909
0.0006244999822229147
0.0006157499738037586
0.0006283334223553538
0.00062112498562783
0.0006199999479576945
0.0006352500058710575
0.0006448749918490648
0.0006236250046640635
0.0006425833562389016
0.0006164999213069677
0.0006388332694768906
0.0006200416246429086
0.0006130416877567768
0.0006162083009257913
0.0006236250046640635
0.0006170416017994285
0.0006150832632556558
0.0006158333271741867
0.0006138333119452
0.0006185832899063826
0.0006453749956563115
0.0006366666639223695
0.0006442083977162838
0.0006393749499693513
0.0006165833910927176
0.0006523333722725511
0.0006201249780133367
0.0006429166533052921
0.0006180832860991359
0.0006231250008568168
0.0006147499661892653
0.0006463750032708049
0.000619666650891304
0.0006382915889844298
0.0006217500194907188
0.0006169166881591082
0.0006214167224243283
0.0006556248990818858
0.0006347083253785968
0.0006211666623130441
0.0006231250008568168
0.0006187499966472387
0.0006415416719391942
0.0006203750381246209
0.000618166639469564
0.0006214167224243283
0.0006177499890327454
0.0006192916771396995
0.0006193749140948057
0.0006289583398029208
0.0006568749668076634
0.0006183750228956342
0.000635583302937448
0.0006199582712724805
0.0006191250868141651
0.0006410833448171616
0.0006221249932423234
0.0006185000529512763
0.0006202916847541928
0.0006461666198447347
0.0006168750114738941
0.0006178333424031734
0.0006420416757464409
0.0006100416649132967
0.0006277082720771432
0.000627666711807251
0.0006488333456218243
0.0006175832822918892
0.0006384999724105
0.0006202083313837647
0.0006377915851771832

(GCD, average, 600 actors) Done in an average of 0.000627774994354695 seconds.

Running BenchApp.SpawnManyActors:runGCD with 700 actor(s) and 110 iteration(s).

0.0007205000147223473
0.0007295416435226798
0.0007215416990220547
0.0007345416815951467
0.0007174999918788671
0.0007375833811238408
0.000842708395794034
0.0008417500648647547
0.0008297916501760483
0.0008902916451916099
0.0007961667142808437
0.0007203334243968129
0.0007211249321699142
0.0007283749291673303
0.0007394166896119714
0.0007222500862553716
0.0007207499584183097
0.0007407083176076412
0.000738416681997478
0.0007184583228081465
0.0007209166651591659
0.0007472499273717403
0.0007295833202078938
0.0007257916731759906
0.0007501667132601142
0.0007204583380371332
0.0007244166918098927
0.000726833357475698
0.0007486250251531601
0.0007206667214632034
0.0007199583342298865
0.0007217084057629108
0.0007251249626278877
0.0007421249756589532
0.0007177916122600436
0.0007452083518728614
0.0007454582955688238
0.0007239999249577522
0.0007309166248887777
0.0007379166781902313
0.0007233750075101852
0.0007179583190008998
0.0007179167587310076
0.000719583360478282
0.0007232916541397572
0.0007509583374485373
0.0007219999097287655
0.0007184166461229324
0.0007217916427180171
0.0007196665974333882
0.0007197083905339241
0.00072395836468786
0.0007227499736472964
0.0007199583342298865
0.00072245835326612
0.0007195000071078539
0.000727499951608479
0.0007251250790432096
0.0007292500231415033
0.0007229583570733666
0.000720416777767241
0.0007154167396947742
0.000721083371900022
0.0007190833566710353
0.00071816670242697
0.0007186667062342167
0.0007185416761785746
0.0007184583228081465
0.0007223333232104778
0.0007177500519901514
0.0007185416761785746
0.0007168750744313002
0.000714458292350173
0.0007366666104644537
0.0007467917166650295
0.0007141249952837825
0.0007206667214632034
0.0007454582955688238
0.0007445833180099726
0.0007432500133290887
0.0007485832320526242
0.0007477083709090948
0.0007622083649039268
0.0007208749884739518
0.0007322916062548757
0.0007238750113174319
0.0007156250067055225
0.0007150833262130618
0.0007183749694377184
0.0007212499622255564
0.0007182499393820763
0.0007169583113864064
0.0007444582879543304
0.0007278333650901914
0.0007174999918788671
0.0007159999804571271
0.0007192082703113556
0.0007213749922811985
0.0007403749041259289
0.0007130833109840751
0.0007443750509992242
0.0007409165846183896
0.000720208277925849
0.0007165833376348019
0.0007390833925455809
0.0007175833452492952
0.0007472500437870622
0.0007497916230931878
0.0007236249512061477
0.000744833261705935

(GCD, average, 700 actors) Done in an average of 0.0007281554152723401 seconds.

Running BenchApp.SpawnManyActors:runGCD with 800 actor(s) and 110 iteration(s).

0.0008463333360850811
0.000820208340883255
0.0008337500039488077
0.0008349999552592635
0.000818750006146729
0.0008194582769647241
0.0008412916213274002
0.0008176249684765935
0.0008140833815559745
0.0008148333290591836
0.000807791599072516
0.0008000832749530673
0.0008148750057443976
0.0008046249859035015
0.0007949583232402802
0.0008000832749530673
0.0008112917421385646
0.0008039582753553987
0.000804333365522325
0.0008111249189823866
0.0008131250506266952
0.0008068750612437725
0.0007987499702721834
0.0008098334074020386
0.0008191666565835476
0.0008026667637750506
0.0008068749448284507
0.0008025000570341945
0.0008058332605287433
0.0007981249364092946
0.0008030417375266552
0.0008002916583791375
0.0008037500083446503
0.000804250012151897
0.0008019582601264119
0.0008004583651199937
0.0008003333350643516
0.0008076250087469816
0.000806416617706418
0.0008002083050087094
0.0008174999384209514
0.0008126666070893407
0.0008005833951756358
0.0007950416766107082
0.0008052083430811763
0.0008029167074710131
0.0008087500464171171
0.0008010416058823466
0.000798541703261435
0.0008040416287258267
0.0008004583651199937
0.0008704999927431345
0.0008005416020750999
0.000804250012151897
0.000802166759967804
0.0007975415792316198
0.0008017916698008776
0.0008066665614023805
0.0008040416287258267
0.0008002084214240313
0.0008041666587814689
0.000804250012151897
0.0008017916698008776
0.0007989166770130396
0.0007986249402165413
0.0008081250125542283
0.0008067500311881304
0.0008051249897107482
0.0008044582791626453
0.0008010000456124544
0.0007969583384692669
0.0008033333579078317
0.0008030416211113334
0.0008052083430811763
0.0008005833951756358
0.0008044166024774313
0.0008027083240449429
0.0008017083164304495
0.0008052083430811763
0.0008026249706745148
0.0008024999406188726
0.0008007916621863842
0.0007988333236426115
0.0008014583727344871
0.0008060416439548135
0.0008044999558478594
0.0007985832635313272
0.0007937083719298244
0.0008029582677409053
0.0007989583536982536
0.0008030834142118692
0.0007998750079423189
0.0008040416287258267
0.0008033333579078317
0.0008022916736081243
0.0008123333100229502
0.0008025832939893007
0.0008045416325330734
0.0008170000510290265
0.0007981667295098305
0.0008014583727344871
0.0007990832673385739
0.0007982499664649367
0.0008037916850298643
0.0007947499398142099
0.0008359584026038647
0.0008741249330341816
0.0008382500382140279
0.0007978333160281181
0.0008069582981988788

(GCD, average, 800 actors) Done in an average of 0.0008054470783099532 seconds.

Running BenchApp.SpawnManyActors:runGCD with 900 actor(s) and 110 iteration(s).

0.0009027916239574552
0.0008974999655038118
0.0009035000111907721
0.0008989167399704456
0.0009040416916832328
0.0009014166425913572
0.0009021250298246741
0.0008994167437776923
0.0009024166502058506
0.0008957500103861094
0.0009007083717733622
0.0009017083793878555
0.0008958333637565374
0.0009159167530015111
0.0009037083946168423
0.0009073333349078894
0.0009056249400600791
0.0009031249210238457
0.00090058334171772
0.0009065417107194662
0.0009031250374391675
0.0009026250336319208
0.0008989583002403378
0.0009017082629725337
0.0008990416536107659
0.0008958333637565374
0.0009037916315719485
0.0008986250031739473
0.0008974999655038118
0.000901208259165287
0.0009017083793878555
0.0008997083641588688
0.0009102916810661554
0.0009061667369678617
0.000899875070899725
0.0008989584166556597
0.0009046667255461216
0.0009030416840687394
0.0009019167628139257
0.0009000416612252593
0.000901999999769032
0.0009098750306293368
0.0009087501093745232
0.0009022500598803163
0.0008958750404417515
0.0009060417069122195
0.0009081250755116343
0.0008931666379794478
0.000893916585482657
0.0008945832960307598
0.0008932083146646619
0.0008934582583606243
0.0008923750137910247
0.0008902500849217176
0.0008936249651014805
0.0008949582697823644
0.0008864584378898144
0.0009074166882783175
0.0009025416802614927
0.0008908333256840706
0.0008931250777095556
0.0008895833743736148
0.0008949999464675784
0.0009081249590963125
0.0008920000400394201
0.0008928333409130573
0.0008909583557397127
0.0008880000095814466
0.0008914583595469594
0.0008982917061075568
0.0008937083184719086
0.0008915833896026015
0.0009033749811351299
0.0008942499989643693
0.0008925000438466668
0.0008926666341722012
0.0008957500103861094
0.0008931249612942338
0.000887583359144628
0.0008905833819881082
0.0008909166790544987
0.0008897082880139351
0.0008901666151359677
0.0008880415698513389
0.0008899583481252193
0.0008888333104550838
0.0008927083108574152
0.0008927083108574152
0.0008895000210031867
0.0008929999312385917
0.0008864999981597066
0.000888208276592195
0.0008915417129173875
0.0008859584340825677
0.0008879166562110186
0.0008880415698513389
0.0008863332914188504
0.0008868749719113111
0.0008855833439156413
0.0008866249118000269
0.0008864583214744925
0.0008862083777785301
0.0008932083146646619
0.000889583257958293
0.0008847500430420041
0.0008848749566823244
0.0008845833363011479
0.000886749941855669
0.000884666689671576
0.0008834167383611202

(GCD, average, 900 actors) Done in an average of 0.0008954770886339247 seconds.

Running BenchApp.SpawnManyActors:runGCD with 1000 actor(s) and 110 iteration(s).

0.0009811249328777194
0.000980874989181757
0.0009821666171774268
0.0009847499895840883
0.0009820417035371065
0.0009832499781623483
0.0009842499857768416
0.0009811667259782553
0.0009810415795072913
0.0009813749929890037
0.0009811667259782553
0.0009813333163037896
0.0009805416921153665
0.0009864999447017908
0.000989541644230485
0.0009800000116229057
0.000989666674286127
0.0009900416480377316
0.0009866250911727548
0.0009901666780933738
0.0009832917712628841
0.0009914166294038296
0.0009905833285301924
0.0009887500200420618
0.000987416598945856
0.0010035416344180703
0.0010045833187177777
0.0009885000763460994
0.0009894166141748428
0.0010020832996815443
0.0010134166805073619
0.000988083309493959
0.0009913333924487233
0.000993874971754849
0.0009854583768174052
0.0009914583060890436
0.000990958302281797
0.0009884999599307775
0.000992416637018323
0.0009871249785646796
0.0009905416518449783
0.0009884999599307775
0.0009986250661313534
0.000995333306491375
0.000999666634015739
0.000995291629806161
0.0009942083852365613
0.000992499990388751
0.0009947082726284862
0.0009889999637380242
0.0009984999196603894
0.000988916726782918
0.000996833317913115
0.000994750065729022
0.0009895000839605927
0.000988083309493959
0.0009899582946673036
0.0009888333734124899
0.000984416576102376
0.000982291647233069
0.0009833750082179904
0.0009820833802223206
0.0009832916548475623
0.0009832499781623483
0.000983125064522028
0.0009836249519139528
0.000981000019237399
0.0009811666095629334
0.0009811666095629334
0.000980833312496543
0.0009829583577811718
0.000981541583314538
0.000983791658654809
0.0010056666797026992
0.0009898749412968755
0.000988708226941526
0.0009885416366159916
0.000986000057309866
0.0009920416632667184
0.0009864583844318986
0.0010067083640024066
0.0010027083335444331
0.0009859999408945441
0.0009836666285991669
0.0009842084255069494
0.0009906250052154064
0.0009886666666716337
0.000989624997600913
0.0009884999599307775
0.0009895000839605927
0.0009921250166371465
0.0009854167001321912
0.0009892917005345225
0.000987500068731606
0.0009912083623930812
0.000985249993391335
0.0009863333543762565
0.0009827500907704234
0.0009912915993481874
0.0009872083319351077
0.0009897082345560193
0.0009905416518449783
0.0009918332798406482
0.0009899582946673036
0.001001166645437479
0.0010143333347514272
0.0010001250775530934
0.000995458336547017
0.0009965415811166167
0.0009948333026841283

(GCD, average, 1000 actors) Done in an average of 0.000990098329493776 seconds.

Benchmark done
