Pressed 'Run benchmark'
About to run 'Swift concurrency'-version of SpawnManyActors with batch mode: true
Running BenchApp.SpawnManyActors:runAsync with 100 actor(s) and 110 iteration(s).

0.0001062500523403287
8.995842654258013e-05
8.933339267969131e-05
8.958333637565374e-05
8.949998300522566e-05
0.00015437498223036528
0.00013333337847143412
0.00011054170317947865
0.0001514999894425273
0.00011529168114066124
6.520829629153013e-05
5.991663783788681e-05
5.991663783788681e-05
8.341670036315918e-05
5.908333696424961e-05
0.00010841665789484978
6.008334457874298e-05
6.358325481414795e-05
0.00011279166210442781
5.925004370510578e-05
5.879160016775131e-05
5.879171658307314e-05
5.88749535381794e-05
7.737497799098492e-05
5.9416634030640125e-05
5.895830690860748e-05
6.025005131959915e-05
6.054167170077562e-05
5.874992348253727e-05
5.8999983593821526e-05
6.004166789352894e-05
5.891663022339344e-05
9.095831774175167e-05
7.158331573009491e-05
8.295825682580471e-05
5.908333696424961e-05
5.920836701989174e-05
5.8833276852965355e-05
0.00011212495155632496
5.945831071585417e-05
5.9166690334677696e-05
7.045839447528124e-05
5.904166027903557e-05
7.275003008544445e-05
5.895830690860748e-05
5.904166027903557e-05
5.891663022339344e-05
5.879171658307314e-05
6.212503649294376e-05
5.8708363212645054e-05
5.895830690860748e-05
5.88749535381794e-05
5.895842332392931e-05
5.908333696424961e-05
5.8833276852965355e-05
7.33332708477974e-05
6.37084012851119e-05
6.57916534692049e-05
6.400002166628838e-05
6.008334457874298e-05
6.329163443297148e-05
5.895830690860748e-05
6.016658153384924e-05
5.879160016775131e-05
7.558322977274656e-05
5.966669414192438e-05
6.533332634717226e-05
7.70416809245944e-05
5.9291720390319824e-05
6.0416641645133495e-05
5.8708363212645054e-05
5.9249927289783955e-05
8.412497118115425e-05
6.141676567494869e-05
6.008334457874298e-05
5.920825060456991e-05
5.895842332392931e-05
5.891663022339344e-05
6.095832213759422e-05
7.404177449643612e-05
5.8875069953501225e-05
5.8875069953501225e-05
5.8999983593821526e-05
6.041675806045532e-05
6.150000263005495e-05
9.670841973274946e-05
5.6875054724514484e-05
5.2291667088866234e-05
4.4375075958669186e-05
4.583329427987337e-05
4.437495954334736e-05
4.441675264388323e-05
4.420825280249119e-05
4.425004590302706e-05
4.449998959898949e-05
7.279159035533667e-05
4.4458312913775444e-05
4.4208369217813015e-05
4.4458312913775444e-05
5.337502807378769e-05
4.424992948770523e-05
4.42917225882411e-05
4.42917225882411e-05
4.529173020273447e-05
4.44166362285614e-05
4.558335058391094e-05
4.44166362285614e-05
5.954166408628225e-05
4.199997056275606e-05
4.179158713668585e-05

(async, average, 100 actors) Done in an average of 6.101041450165212e-05 seconds.

Running BenchApp.SpawnManyActors:runAsync with 200 actor(s) and 110 iteration(s).

8.408329449594021e-05
8.470832835882902e-05
8.395838085561991e-05
8.333323057740927e-05
8.337502367794514e-05
8.379167411476374e-05
8.33333469927311e-05
8.370832074433565e-05
8.354173041880131e-05
8.354173041880131e-05
9.491667151451111e-05
8.350005373358727e-05
9.904161561280489e-05
8.37499974295497e-05
8.354173041880131e-05
8.34582606330514e-05
8.341670036315918e-05
9.391666390001774e-05
8.370832074433565e-05
8.341670036315918e-05
8.56249826028943e-05
8.454162161797285e-05
8.341670036315918e-05
8.349993731826544e-05
8.37499974295497e-05
8.358340710401535e-05
0.00010658334940671921
9.7708310931921e-05
6.641668733209372e-05
7.554166950285435e-05
9.504170157015324e-05
6.654160097241402e-05
6.641668733209372e-05
6.645836401730776e-05
6.65000407025218e-05
6.637489423155785e-05
7.379159796983004e-05
6.704172119498253e-05
6.641668733209372e-05
6.633333396166563e-05
7.375003769993782e-05
7.304165046662092e-05
6.637501064687967e-05
6.654171738773584e-05
6.641668733209372e-05
6.633333396166563e-05
6.641668733209372e-05
6.629165727645159e-05
6.629165727645159e-05
6.629177369177341e-05
6.629165727645159e-05
7.820827886462212e-05
6.637501064687967e-05
6.624998059123755e-05
6.616662722080946e-05
6.629165727645159e-05
6.624998059123755e-05
9.033340029418468e-05
6.641668733209372e-05
6.649992428719997e-05
6.629177369177341e-05
6.629165727645159e-05
6.641668733209372e-05
6.641668733209372e-05
6.641668733209372e-05
6.633333396166563e-05
6.645836401730776e-05
6.637501064687967e-05
6.641668733209372e-05
6.641668733209372e-05
6.633333396166563e-05
6.629165727645159e-05
6.637501064687967e-05
6.645836401730776e-05
6.758328527212143e-05
7.604167331010103e-05
7.304176688194275e-05
6.649992428719997e-05
6.729166489094496e-05
6.633333396166563e-05
7.78749817982316e-05
6.641657091677189e-05
6.641668733209372e-05
6.633333396166563e-05
6.645836401730776e-05
7.529160939157009e-05
7.091672159731388e-05
6.654160097241402e-05
7.475004531443119e-05
6.641668733209372e-05
6.712507456541061e-05
6.637489423155785e-05
8.170830551534891e-05
6.654171738773584e-05
6.641668733209372e-05
9.033328387886286e-05
6.654171738773584e-05
6.641668733209372e-05
9.724998380988836e-05
8.56249826028943e-05
6.645836401730776e-05
6.637501064687967e-05
6.633333396166563e-05
6.895838305354118e-05
7.462489884346724e-05
6.366660818457603e-05
5.562498699873686e-05
5.554163362830877e-05
6.587500683963299e-05
5.545828025788069e-05

(async, average, 200 actors) Done in an average of 7.237833458930254e-05 seconds.

Running BenchApp.SpawnManyActors:runAsync with 300 actor(s) and 110 iteration(s).

8.400005754083395e-05
8.33333469927311e-05
9.129173122346401e-05
8.316664025187492e-05
0.00010820839088410139
8.312496356666088e-05
9.400001727044582e-05
9.024993050843477e-05
9.845837485045195e-05
8.308328688144684e-05
9.108323138207197e-05
8.308328688144684e-05
8.312507998198271e-05
8.987507317215204e-05
8.304172661155462e-05
8.324999362230301e-05
0.00012291665188968182
0.00012391665950417519
0.00012400001287460327
0.00012470828369259834
0.00012037495616823435
0.00012062489986419678
0.00012133328709751368
0.00012033339589834213
0.00012079160660505295
0.00012095831334590912
0.00012033339589834213
0.00012362503912299871
0.0001206250162795186
0.00012045830953866243
0.00012345833238214254
0.00012000009883195162
0.00012058333959430456
0.0001249583438038826
0.00012041663285344839
0.00012316671200096607
0.00012054166290909052
0.00012354168575257063
0.00012037495616823435
0.00012004165910184383
0.00012049998622387648
0.00012383342254906893
0.00012037507258355618
0.0001234166556969285
0.00012049998622387648
0.0001203332794830203
0.00012254167813807726
0.00012345833238214254
0.00012004165910184383
0.0001202083658427
0.00012095831334590912
0.00012337497901171446
0.00011983339209109545
0.00012029160279780626
0.00012087495997548103
0.00011999998241662979
0.00012066657654941082
0.0001238333061337471
0.00012058333959430456
0.00012124993372708559
0.00012245832476764917
0.0001206250162795186
0.00012520840391516685
0.00012099999003112316
0.00012158334720879793
0.00012433330994099379
0.00012120837345719337
0.00012116669677197933
0.00012162490747869015
0.00012129172682762146
0.00012437510304152966
0.00012083339970558882
0.00012120825704187155
0.00012191676069051027
0.00012158334720879793
0.00012441666331142187
0.00012095831334590912
0.00012287497520446777
0.00012204167433083057
0.00012191664427518845
0.00012404168955981731
0.00012141664046794176
0.00012425007298588753
0.0001209167530760169
0.00012149999383836985
0.00012116669677197933
0.00012179161421954632
0.00012600002810359
0.00012162502389401197
0.00012058333959430456
0.00012162502389401197
0.00012154167052358389
0.00012195832096040249
9.10833477973938e-05
8.87083588168025e-05
8.858332876116037e-05
8.87083588168025e-05
8.87083588168025e-05
8.875003550201654e-05
8.899997919797897e-05
8.866668213158846e-05
8.849997539073229e-05
8.879171218723059e-05
8.866668213158846e-05
8.84166220203042e-05
9.250000584870577e-05
9.012501686811447e-05
8.883338887244463e-05
8.908333256840706e-05
8.849997539073229e-05

(async, average, 300 actors) Done in an average of 0.00011409083730541169 seconds.

Running BenchApp.SpawnManyActors:runAsync with 400 actor(s) and 110 iteration(s).

0.00011829170398414135
0.00012004165910184383
0.00012049998622387648
0.00011816667392849922
0.00011924991849809885
0.00011866667773574591
0.00012550002429634333
0.00011837505735456944
0.00011945830192416906
0.00011866667773574591
0.00011812499724328518
0.00011841661762446165
0.0001184582943096757
0.00011854164768010378
0.0001180416438728571
0.00011820835061371326
0.00011920835822820663
0.00011837494093924761
0.00011866667773574591
0.00011866667773574591
0.00011825002729892731
0.00011854164768010378
0.00011829170398414135
0.00011787505354732275
0.00011829170398414135
0.00011933338828384876
0.00011879159137606621
0.00011883326806128025
0.00011866667773574591
0.00011833326425403357
0.00011783337686210871
0.00011829170398414135
0.00011829170398414135
0.00011879170779138803
0.00011995830573141575
0.00011833338066935539
0.00011841673403978348
0.00011854164768010378
0.0001184582943096757
0.00011795829050242901
0.0001185417640954256
0.00011862500105053186
0.00011916668154299259
0.00011870835442095995
0.00011866667773574591
0.00011916668154299259
0.00011829170398414135
0.00011849997099488974
0.00011875003110617399
0.00011820823419839144
0.00011812499724328518
0.00011862500105053186
0.00011854164768010378
0.00011816667392849922
0.00011837505735456944
0.00011875003110617399
0.00011874991469085217
0.00011820835061371326
0.0001180416438728571
0.00011845841072499752
0.00011891662143170834
0.00011891662143170834
0.00012179173063486814
0.0001190833281725645
0.00011862500105053186
0.00011883338447660208
0.00011995830573141575
0.00011933327186852694
0.00011862500105053186
0.00011850008741021156
0.00011820835061371326
0.0001184582943096757
0.00011874991469085217
0.00011829170398414135
0.00011829158756881952
0.00011820835061371326
0.00011837494093924761
0.00011849997099488974
0.00011862500105053186
0.00011854164768010378
0.00012462504673749208
0.00011883338447660208
0.00011816667392849922
0.00011849997099488974
0.00011916656512767076
0.00012670829892158508
0.00012112502008676529
0.0001180416438728571
0.00011854164768010378
0.00011825002729892731
0.00011854164768010378
0.00011837494093924761
0.00011800008360296488
0.0001189584145322442
0.00011879170779138803
0.00011820835061371326
0.00011875003110617399
0.00011833326425403357
0.00011270830873399973
9.362504351884127e-05
9.34583367779851e-05
9.320839308202267e-05
9.350001346319914e-05
9.337498340755701e-05
9.300000965595245e-05
9.337498340755701e-05
9.362504351884127e-05
9.34583367779851e-05
9.337509982287884e-05
9.341666009277105e-05

(async, average, 400 actors) Done in an average of 0.00011592333554290235 seconds.

Running BenchApp.SpawnManyActors:runAsync with 500 actor(s) and 110 iteration(s).

0.00011729169636964798
0.00011675001587718725
0.00011708331294357777
0.00011675001587718725
0.00011666666250675917
0.00011733337305486202
0.00011654174886643887
0.00011708331294357777
0.00011662498582154512
0.00011641660239547491
0.00011625001206994057
0.00011666666250675917
0.00011683336924761534
0.00011645839549601078
0.00011641660239547491
0.00011695828288793564
0.000116499955765903
0.00011687504593282938
0.00011666666250675917
0.00011675001587718725
0.00011641660239547491
0.00011666666250675917
0.00011695839930325747
0.00011779170017689466
0.00011658330913633108
0.00011654163245111704
0.00011654174886643887
0.00011704163625836372
0.000116499955765903
0.00011654174886643887
0.00011654174886643887
0.00011641660239547491
0.00011620833538472652
0.00011658330913633108
0.00011712498962879181
0.00011620833538472652
0.000116499955765903
0.000116499955765903
0.00011625001206994057
0.00011708331294357777
0.00011670833919197321
0.00011670833919197321
0.0001163750421255827
0.00011708331294357777
0.00011654163245111704
0.00011699995957314968
0.00011716666631400585
0.00011704175267368555
0.00011637492571026087
0.00011704175267368555
0.000116499955765903
0.00011662510223686695
0.00011691672261804342
0.00011658330913633108
0.000116499955765903
0.00011795840691775084
0.00011645839549601078
0.00011691672261804342
0.00011662498582154512
0.00011670833919197321
0.00011683325283229351
0.00011825002729892731
0.000116499955765903
0.00011687504593282938
0.00011662510223686695
0.00011683325283229351
0.00011625001206994057
0.00011633336544036865
0.00011683325283229351
0.00011687504593282938
0.00011641660239547491
0.00011670833919197321
0.000116499955765903
0.00011695828288793564
0.00011675001587718725
0.0001163750421255827
0.00011658342555165291
0.00011629157233983278
0.00011675001587718725
0.00011662498582154512
0.00011625001206994057
0.00011662498582154512
0.00011645839549601078
0.00011666666250675917
0.00011662510223686695
0.00011712498962879181
0.00011641671881079674
0.00011662498582154512
0.0001172083429992199
9.612494613975286e-05
9.641668293625116e-05
9.620829951018095e-05
9.637500625103712e-05
9.600003249943256e-05
9.600003249943256e-05
9.658338967710733e-05
9.591667912900448e-05
9.64583596214652e-05
9.658327326178551e-05
9.629165288060904e-05
9.624997619539499e-05
9.608326945453882e-05
9.658338967710733e-05
9.750004392117262e-05
9.60417091846466e-05
9.654159657657146e-05
9.629165288060904e-05
9.633332956582308e-05
9.637500625103712e-05
9.658338967710733e-05

(async, average, 500 actors) Done in an average of 0.00011242917040362954 seconds.

Running BenchApp.SpawnManyActors:runAsync with 600 actor(s) and 110 iteration(s).

0.00011541671119630337
0.00011570833157747984
0.00011524988804012537
0.00011562497820705175
0.0001156666548922658
0.00011570833157747984
0.00011558330152183771
0.0001156666548922658
0.00011516665108501911
0.00011562497820705175
0.0001155417412519455
0.00011520832777023315
0.00011558330152183771
0.00011516665108501911
0.00011545838788151741
0.00011662498582154512
0.00019562500528991222
0.0001333332620561123
0.0002058333484455943
0.00011620833538472652
0.00011712498962879181
0.00011583336163312197
0.00011545827146619558
0.00016641663387417793
0.00011508341412991285
0.00016549997963011265
0.00011570833157747984
0.0001284583704546094
0.00012166670057922602
0.00013154163025319576
0.00011633324902504683
0.00015070836525410414
0.00015508325304836035
0.00012149999383836985
0.00013854168355464935
0.00013095838949084282
0.0001268333289772272
0.00011570833157747984
0.00012474996037781239
0.00012854160740971565
0.00014620833098888397
0.00011587492190301418
0.00013566657435148954
0.0001284583704546094
0.00012245832476764917
0.00017479166854172945
0.00011654174886643887
0.00013666669838130474
0.00011570833157747984
0.0001316666603088379
0.00012254167813807726
0.00012908328790217638
0.00015833333600312471
0.00011491670738905668
0.00014108337927609682
0.00015679164789617062
0.00012633332516998053
0.00014179176650941372
0.00014629168435931206
0.00012299988884478807
0.00019316666293889284
0.00011475000064820051
0.00013962492812424898
0.00011599995195865631
0.00016612501349300146
0.00012533331755548716
0.00012545834761112928
0.0001277499832212925
0.00014379166532307863
0.00012649991549551487
0.00014733336865901947
0.0001190833281725645
0.00013841665349900723
0.00010054162703454494
0.00011866667773574591
0.00010116666089743376
0.00010095839388668537
0.00010125001426786184
0.00015404168516397476
0.00012545834761112928
0.0001007916871458292
0.0001106249401345849
0.00010108330752700567
0.00013212498743087053
0.00010129169095307589
0.00011945830192416906
0.00010045839007943869
0.00016445829533040524
0.00010070833377540112
0.00011208339128643274
0.0001012083375826478
0.00013770826626569033
0.00010100007057189941
0.00014737492892891169
0.00011633336544036865
0.00012687500566244125
0.00010099995415657759
0.00012312503531575203
0.00013554166071116924
0.0001129999291151762
0.00014020828530192375
0.0001004999503493309
0.0001331249950453639
0.0001241250429302454
0.00010075001046061516
0.00011458329390734434
0.0001096667256206274
0.00011424999684095383
0.00013408332597464323
0.00010112498421221972

(async, average, 600 actors) Done in an average of 0.00012734624557197093 seconds.

Running BenchApp.SpawnManyActors:runAsync with 700 actor(s) and 110 iteration(s).

0.00014112505596131086
0.00012954173143953085
0.00011758331675082445
0.00014004157856106758
0.00014429166913032532
0.00011825002729892731
0.00013791676610708237
0.00012900005094707012
0.0001335000852122903
0.0001449999399483204
0.00014512508641928434
0.00012420827988535166
0.00013158342335373163
0.00012550002429634333
0.00015949993394315243
0.00012691656593233347
0.0001305416226387024
0.0001292916713282466
0.00012700003571808338
0.00012379162944853306
0.00013708334881812334
0.0001452916767448187
0.00012775009963661432
0.00011616665869951248
0.00013391661923378706
0.00015204166993498802
0.00010754168033599854
0.00011579168494790792
0.00011479167733341455
0.00010666658636182547
0.0001253749942407012
0.00014991674106568098
0.00011416664347052574
0.00010683329310268164
0.00012466672342270613
0.00011858332436531782
0.00012458325363695621
0.00012920843437314034
0.00010666658636182547
0.00011283333878964186
0.00011279166210442781
0.00012574996799230576
0.00011449994053691626
0.00011433335021138191
0.00014812499284744263
0.00013991666492074728
0.0001072917366400361
0.0001459167106077075
0.00011283333878964186
0.00015579164028167725
0.00010970840230584145
0.00011704163625836372
0.00011445826385170221
0.00017583335284143686
0.0001283750170841813
0.00011170830111950636
0.00010933331213891506
0.00012358336243778467
0.0001220832346007228
0.0001137083163484931
0.00010729162022471428
0.0001235000090673566
0.00012375006917864084
0.00012220838107168674
0.00012729165609925985
0.00010800000745803118
0.00010737497359514236
0.00016795832198113203
0.0001076249172911048
0.00013754167594015598
9.81249613687396e-05
0.00011120829731225967
9.787501767277718e-05
0.00010487495455890894
0.00010641664266586304
0.00011654163245111704
0.00010845833458006382
0.00010062498040497303
0.00011191668454557657
0.00013020832557231188
0.00011733337305486202
0.00011000002268701792
0.00011520832777023315
9.712507016956806e-05
0.00010658334940671921
0.00010254164226353168
9.683333337306976e-05
0.00011604162864387035
9.808328468352556e-05
9.795837104320526e-05
9.783334098756313e-05
0.00010583328548818827
0.0001449165865778923
0.00010283326264470816
0.00010974996257573366
0.00010754168033599854
0.00013254175428301096
9.804160799831152e-05
0.00013120833318680525
9.783334098756313e-05
0.0001113333273679018
9.720830712467432e-05
0.00010299996938556433
0.00011154159437865019
0.00010629172902554274
0.00010341661982238293
9.795837104320526e-05
0.00010299996938556433
0.0001421249471604824
0.00013112497981637716

(async, average, 700 actors) Done in an average of 0.000119082493474707 seconds.

Running BenchApp.SpawnManyActors:runAsync with 800 actor(s) and 110 iteration(s).

0.00011208327487111092
0.00011912488844245672
0.00011241668835282326
0.00012445833999663591
0.0001256667310371995
0.00014720833860337734
0.00012820831034332514
0.00012633332516998053
0.00013637496158480644
0.00011187500786036253
0.0001502500381320715
0.00014112505596131086
0.0001193750649690628
0.00012320838868618011
0.00014649995137006044
0.00011783337686210871
0.00012937502469867468
0.0001257082913070917
0.00012924999464303255
0.00011241668835282326
0.0001428333343937993
0.00011175009422004223
0.00011154171079397202
0.00011208327487111092
0.00013712502550333738
0.00011374999303370714
0.00011429167352616787
0.00010729162022471428
0.0001152500044554472
0.00012354168575257063
0.00012537511065602303
0.0001134165795519948
0.0001128750154748559
0.00011162494774907827
0.00011883338447660208
0.00011354172602295876
0.00011345837265253067
0.00011241668835282326
0.00012075004633516073
0.0001206250162795186
0.00013341661542654037
0.00014041666872799397
0.00010508333798497915
0.00011870835442095995
0.0001599583774805069
0.000110083376057446
0.00012624997179955244
0.00010620837565511465
0.00012954173143953085
0.00014304171781986952
0.00010475004091858864
0.00011475000064820051
0.00010750000365078449
0.00011137500405311584
0.00012437498662620783
0.00010762503370642662
0.000143333338201046
0.0001243334263563156
0.00011966668535023928
0.00014962500426918268
0.0001452083233743906
0.00010745832696557045
0.00011191668454557657
0.00012170837726444006
0.00011995830573141575
0.00011241668835282326
0.00011795840691775084
0.00011987495236098766
0.00011725001968443394
0.00010662502609193325
0.00011191668454557657
0.00013391661923378706
0.00015199999324977398
0.00010920828208327293
0.00015783333219587803
0.0001055416651070118
0.00012270838487893343
0.0001117499778047204
0.00010675005614757538
0.00011350004933774471
0.00015508325304836035
0.00011320831254124641
0.00018220837228000164
0.00010570825543254614
0.00012479163706302643
0.00014699995517730713
0.00010604166891425848
0.0001086666015908122
0.00010691664647310972
0.00010649999603629112
0.00011770834680646658
0.00014300004113465548
0.0001283750170841813
0.00011791673023253679
0.00010587496217340231
0.00011125009041279554
0.00015174993313848972
0.000112166628241539
0.00010804168414324522
0.0001425000373274088
0.00011837494093924761
0.00010712502989917994
0.0001116250641644001
0.00011470832396298647
0.00012404168955981731
0.00011741661000996828
0.00011570833157747984
0.0001461249776184559
0.00013150006998330355
0.00012716662604361773

(async, average, 800 actors) Done in an average of 0.00012241459218785168 seconds.

Running BenchApp.SpawnManyActors:runAsync with 900 actor(s) and 110 iteration(s).

0.00011975003872066736
0.00012395833618938923
0.0001378749730065465
0.00013512489385902882
0.00017083331476897
0.00011724990326911211
0.00013370835222303867
0.00012433330994099379
0.0001791666727513075
0.00015495833940804005
0.00012070825323462486
0.00015179160982370377
0.00013866671361029148
0.00013812503311783075
0.00011987495236098766
0.0001843334175646305
0.00013316667173057795
0.00015991670079529285
0.00011929159518331289
0.0001748333452269435
0.00013729161582887173
0.00015887490008026361
0.0001211665803566575
0.0001343749463558197
0.00011983339209109545
0.00017374998424202204
0.00011962489224970341
0.00012670829892158508
0.00013287493493407965
0.00012491666711866856
0.00013345840852707624
0.00012183329090476036
0.00012870831415057182
0.00015704159159213305
0.0001286667538806796
0.00012974999845027924
0.00013979163486510515
0.00011954165529459715
0.0001662500435486436
0.00013283337466418743
0.00015420839190483093
0.00011766667012125254
0.00011837494093924761
0.00012645823881030083
0.00012158334720879793
0.00016974995378404856
0.00011912500485777855
0.000171625055372715
0.0001225833548232913
0.00014537503011524677
0.00013129168655723333
0.0001283750170841813
0.00012133328709751368
0.000160708324983716
0.00011970836203545332
0.0001279583666473627
0.00013733329251408577
0.00011983327567577362
0.00016916671302169561
0.00012004165910184383
0.00012716674245893955
0.0001561250537633896
0.00012562505435198545
0.00012416671961545944
0.0001305416226387024
0.00013299996498972178
0.00013225001748651266
0.00015241664368659258
0.00015512504614889622
0.00012420839630067348
0.00016604166012257338
0.00012170837726444006
0.00017450004816055298
0.00012054166290909052
0.00012512493412941694
0.00011950009502470493
0.00017491669859737158
0.00012866663746535778
0.0001217500539496541
0.00016345828771591187
0.00013062497600913048
0.00012362503912299871
0.00016458332538604736
0.00011775002349168062
0.000124541693367064
0.00012320838868618011
0.00016433338169008493
0.00013754167594015598
0.00016725005116313696
0.00012149999383836985
0.00018862495198845863
0.00011970836203545332
0.0001607916783541441
0.0001385833602398634
0.00012016668915748596
0.00012783333659172058
0.00012666662223637104
0.00013962492812424898
0.00012079172302037477
0.00013766658958047628
0.00011954165529459715
0.00012491666711866856
0.00017274997662752867
0.00012108334340155125
0.00016645831055939198
0.0001199166290462017
0.00013495830353349447
0.00012083339970558882
0.000149125000461936
0.00011945841833949089

(async, average, 900 actors) Done in an average of 0.00013731791754253208 seconds.

Running BenchApp.SpawnManyActors:runAsync with 1000 actor(s) and 110 iteration(s).

0.00013566669076681137
0.00012812495697289705
0.00013675005175173283
0.0001569583546370268
0.00015125004574656487
0.00017920834943652153
0.00014808331616222858
0.00017929170280694962
0.00016612501349300146
0.00016941665671765804
0.0001452916767448187
0.00014058337546885014
0.00014470831956714392
0.00014033331535756588
0.0001324999611824751
0.00018466671463102102
0.00016045826487243176
0.00016804167535156012
0.00013879162725061178
0.00015495833940804005
0.0001721666194498539
0.00016366667114198208
0.0001532500609755516
0.00015062501188367605
0.00013304164167493582
0.00014633324462920427
0.00014879170339554548
0.0001403334317728877
0.00015220826026052237
0.00014908332377672195
0.000142541597597301
0.00017349992413073778
0.0001834166469052434
0.00013058329932391644
0.00014112493954598904
0.00017283332999795675
0.00014466664288192987
0.0001849583350121975
0.0001666666939854622
0.00015741668175905943
0.00013645831495523453
0.0001502915984019637
0.00014429166913032532
0.0001378749730065465
0.00015754171181470156
0.00013087503612041473
0.00015629164408892393
0.0001328332582488656
0.00018591666594147682
0.0001387082738801837
0.0001385833602398634
0.0001336249988526106
0.00015183340292423964
0.00014224997721612453
0.00014091667253524065
0.0001580000389367342
0.00016612501349300146
0.0001452916767448187
0.00016387493815273046
0.00014050002209842205
0.00017470831517130136
0.00014070840552449226
0.0001327916979789734
0.00013179169036448002
0.00019329169299453497
0.00014216674026101828
0.00015508325304836035
0.0001449999399483204
0.00016795832198113203
0.0001314583932980895
0.0001533334143459797
0.00016020832117646933
0.0001408749958500266
0.0001419165637344122
0.00017354171723127365
0.000133208348415792
0.00018508336506783962
0.0001362083712592721
0.00018295831978321075
0.00015249999705702066
0.0001770000671967864
0.00013345829211175442
0.00020070828031748533
0.00013520836364477873
0.00017141667194664478
0.0001436250749975443
0.0001588333398103714
0.0001755417324602604
0.00016504165250808
0.00014083331916481256
0.00013491662684828043
0.0001573750050738454
0.00016729161143302917
0.00014300004113465548
0.00015691667795181274
0.00016891665291041136
0.00015195843297988176
0.00014525000005960464
0.000160708324983716
0.00017029163427650928
0.0001436666352674365
0.000132416607812047
0.00013220834080129862
0.00014858331996947527
0.00013958336785435677
0.0001331249950453639
0.00013895833399146795
0.00013870839029550552
0.00015558325685560703
0.00016466667875647545

(async, average, 1000 actors) Done in an average of 0.00015230208169668912 seconds.

Benchmark done
