Pressed 'Run benchmark'
About to run 'GCD'-version of SpawnManyActors with batch mode: true
Running BenchApp.SpawnManyActors:runGCD with 100 actor(s) and 110 iteration(s).

0.0006121249170973897
0.0004385833162814379
0.00044054165482521057
0.0004273749655112624
0.0004387916997075081
0.0004331249510869384
0.00043720833491533995
0.00042545830365270376
0.0004866250092163682
0.00043420831207185984
0.0004421250196173787
0.00043483334593474865
0.0004335417179390788
0.0003229583380743861
0.0003249166766181588
0.00032791669946163893
0.00033041671849787235
0.00032049999572336674
0.0003770416369661689
0.0003180833300575614
0.00037112506106495857
0.00032895838376134634
0.0003541250480338931
0.00034562498331069946
0.00039329170249402523
0.0003859583521261811
0.00039525004103779793
0.0003213750896975398
0.00032483332324773073
0.00030604167841374874
0.0002522083232179284
0.0002485832665115595
0.0002862917026504874
0.00025454163551330566
0.0002542915754020214
0.00025420833844691515
0.0002858750522136688
0.000251958379521966
0.0002512916689738631
0.00025037501472979784
0.0002538749249652028
0.0002530834171921015
0.0002557917032390833
0.0002648750087246299
0.00021891656797379255
0.00021799991372972727
0.00022962503135204315
0.000214375089854002
0.00021425005979835987
0.00021083327010273933
0.00021104165352880955
0.0002392916940152645
0.00028758333064615726
0.00024016667157411575
0.00023175007663667202
0.00027195829898118973
0.00023262505419552326
0.00023012503515928984
0.00023404171224683523
0.00023033330217003822
0.00023412506561726332
0.0002298750914633274
0.00024112500250339508
0.00023466662969440222
0.00022912502754479647
0.00023324997164309025
0.0002330833813175559
0.00023016671184450388
0.0002325832610949874
0.00023016671184450388
0.00023270829115062952
0.00022962503135204315
0.0002399166114628315
0.00022962503135204315
0.00023891660384833813
0.0002335000317543745
0.00023324997164309025
0.0002324583474546671
0.00023004168178886175
0.00023379165213555098
0.00023037497885525227
0.00023254170082509518
0.00023145833984017372
0.00023183331359177828
0.0002528333570808172
0.0002327500842511654
0.00022933329455554485
0.0002332916483283043
0.0002400834346190095
0.00023699994198977947
0.0002397916978225112
0.00023679167497903109
0.00023641670122742653
0.00023883325047791004
0.00026679167058318853
0.00023699994198977947
0.00023779168259352446
0.00023674999829381704
0.00023770832922309637
0.00023716664873063564
0.00023766665253788233
0.0001834166469052434
0.00017383333761245012
0.00017358327750116587
0.00017595826648175716
0.00017345824744552374
0.00017341668717563152
0.00017362507060170174
0.00017362507060170174
0.0001739166909828782

(GCD, average, 100 actors) Done in an average of 0.00025722125661559403 seconds.

Running BenchApp.SpawnManyActors:runGCD with 200 actor(s) and 110 iteration(s).

0.0003479166189208627
0.00036641675978899
0.00034933327697217464
0.0003485416527837515
0.0003621666692197323
0.0003468332579359412
0.000341791776008904
0.0003449167124927044
0.000336666707880795
0.0003371667116880417
0.0003471249947324395
0.0003425832837820053
0.00034062506165355444
0.0003446249756962061
0.0003566249506548047
0.00034283334389328957
0.0003425832837820053
0.00033670838456600904
0.00034354161471128464
0.00034024997148662806
0.0003548333188518882
0.0003418333362787962
0.00034149992279708385
0.0003362500574439764
0.00033795833587646484
0.00033845833968371153
0.00033620838075876236
0.00033454166259616613
0.0003416250692680478
0.0002837083302438259
0.0002637916477397084
0.00026433332823216915
0.0002643750049173832
0.00026670831721276045
0.00026370841078460217
0.0002643750049173832
0.00026762508787214756
0.00026462506502866745
0.0002733750734478235
0.0002749166451394558
0.00027187494561076164
0.0002701666671782732
0.0002702500205487013
0.0002644999185577035
0.00026433332823216915
0.00026391667779535055
0.000270791701041162
0.00027100008446723223
0.0002694582799449563
0.0002640417078509927
0.00026958331000059843
0.00027404166758060455
0.0002644999185577035
0.0002690416295081377
0.00027083337772637606
0.000272208359092474
0.0002674165880307555
0.00026424997486174107
0.0002723333891481161
0.0002705833176150918
0.0002632499672472477
0.0002645832719281316
0.00026391667779535055
0.0002744166413322091
0.00026545836590230465
0.00027216668240725994
0.00026845827233046293
0.0002723332727327943
0.00027237494941800833
0.0002735833404585719
0.00028074998408555984
0.00027087493799626827
0.00025750009808689356
0.0002219582675024867
0.00022320833522826433
0.00021854171063750982
0.00021812506020069122
0.00022208329755812883
0.00022199994418770075
0.0002202916657552123
0.0002176249399781227
0.00022383336909115314
0.0002175833797082305
0.00022508332040160894
0.00021816673688590527
0.00021862494759261608
0.0002219582675024867
0.0002227500081062317
0.00021766673307865858
0.00021829165052622557
0.0002197501016780734
0.00021783332340419292
0.00022520835045725107
0.00022362498566508293
0.00022708333563059568
0.00022099993657320738
0.00021891668438911438
0.00021766673307865858
0.00021958339493721724
0.00021745834965258837
0.00021812506020069122
0.000222250004298985
0.00022599997464567423
0.00022499996703118086
0.0002215000567957759
0.00022654165513813496
0.00022675003856420517
0.00021795835345983505
0.00021825009025633335
0.0002188333310186863

(GCD, average, 200 actors) Done in an average of 0.00026504166889935733 seconds.

Running BenchApp.SpawnManyActors:runGCD with 300 actor(s) and 110 iteration(s).

0.0003309999592602253
0.00033241661731153727
0.00034129165578633547
0.0003346250159665942
0.00034333334770053625
0.000333750038407743
0.000337291625328362
0.0003365416778251529
0.0003368749748915434
0.00032649992499500513
0.00029583333525806665
0.00031358341220766306
0.0002863749396055937
0.00029337499290704727
0.00028758333064615726
0.0002859584055840969
0.0002867917064577341
0.0003086667275056243
0.00030504167079925537
0.00032658339478075504
0.0003008749336004257
0.0002985832979902625
0.00029491668101400137
0.0003036250127479434
0.0003009167267009616
0.000304041663184762
0.00032166659366339445
0.0003057083813473582
0.00032566674053668976
0.00030841666739434004
0.00029925000853836536
0.0003035416593775153
0.0003122083144262433
0.0003107499796897173
0.0003039167495444417
0.0003209999995306134
0.0002733749570325017
0.0002724167425185442
0.00027158332522958517
0.00027062499430030584
0.0002862917026504874
0.0002627917565405369
0.00029250001534819603
0.00027637509629130363
0.0003068334190174937
0.0002921667182818055
0.00027383328415453434
0.00027075002435594797
0.00027650000993162394
0.00027237494941800833
0.00027466670144349337
0.0003044583136215806
0.0002721250057220459
0.00028000003658235073
0.00027291662991046906
0.0002729583065956831
0.0002761667128652334
0.00027341663371771574
0.0002740833442658186
0.00028445839416235685
0.0002708750544115901
0.00026495836209505796
0.0002723332727327943
0.00027745834086090326
0.0002508333418518305
0.0002529167104512453
0.00025495828595012426
0.00024925009347498417
0.00024916662368923426
0.0002582916058599949
0.0002521249698475003
0.00025424989871680737
0.00024554168339818716
0.00026291655376553535
0.0002457500668242574
0.00024924997705966234
0.00024854170624166727
0.00025820836890488863
0.00026895839255303144
0.0002524167066439986
0.00024979165755212307
0.0002571250079199672
0.00025224999990314245
0.0002684165956452489
0.000249749980866909
0.00025629159063100815
0.00023754173889756203
0.00023958331439644098
0.00024070835206657648
0.00023637502454221249
0.00023754173889756203
0.0002413333859294653
0.00022758322302252054
0.00024458335246890783
0.00023862509988248348
0.00023733335547149181
0.0002394166076555848
0.00023683335166424513
0.0002489999169483781
0.00024358322843909264
0.0002380417427048087
0.000238166656345129
0.00023687502834945917
0.0002362916711717844
0.00023875001352280378
0.00023520831018686295
0.0002556249964982271
0.00026245834305882454
0.00023508339654654264
0.00024174991995096207

(GCD, average, 300 actors) Done in an average of 0.00027029459015466274 seconds.

Running BenchApp.SpawnManyActors:runGCD with 400 actor(s) and 110 iteration(s).

0.00030658335890620947
0.00033741677179932594
0.0003113750135526061
0.0003365416778251529
0.0003084583440795541
0.00033520825672894716
0.00033549999352544546
0.0003129165852442384
0.00030945835169404745
0.00030750001315027475
0.0003300417447462678
0.00030995835550129414
0.0003044167533516884
0.00031308329198509455
0.000308374990709126
0.000308374990709126
0.0003108750097453594
0.00032741669565439224
0.0003157916944473982
0.00034366664476692677
0.00032312492839992046
0.0003132499987259507
0.00030833331402391195
0.00031812500674277544
0.00030533340759575367
0.00033229170367121696
0.0003074583364650607
0.00031258328817784786
0.00033229170367121696
0.00031450006645172834
0.00029941671527922153
0.0003168749390169978
0.0003347917227074504
0.000304041663184762
0.0003122916677966714
0.0003252084134146571
0.0003146666567772627
0.0003111666301265359
0.00030574994161725044
0.00033804168924689293
0.00030387507285922766
0.0003422499867156148
0.00031233334448188543
0.00030408333986997604
0.0003111666301265359
0.00033370836172252893
0.00030420836992561817
0.0003247916465625167
0.00031091668643057346
0.0003208749694749713
0.0003101249458268285
0.0003080833703279495
0.00033733330201357603
0.00030541664455085993
0.00031883339397609234
0.00030583341140300035
0.0003544166684150696
0.0003122083144262433
0.00034229166340082884
0.000335833290591836
0.00033837498631328344
0.00033766671549528837
0.00033083336893469095
0.00033508334308862686
0.0003367082681506872
0.000308999908156693
0.0003157083410769701
0.00030470825731754303
0.00031316664535552263
0.0003010416403412819
0.00032037508208304644
0.00030449999030679464
0.0003074167761951685
0.0003230416914448142
0.00033229158725589514
0.0003124165814369917
0.0003017500275745988
0.0003163332585245371
0.00030616670846939087
0.00030883331783115864
0.0003199167549610138
0.0003145417431369424
0.00034054159186780453
0.00033754168543964624
0.0003392499638721347
0.00034437503200024366
0.00031104160007089376
0.00030149996746331453
0.00031345838215202093
0.00030845822766423225
0.0003072499530389905
0.0003085833741351962
0.0003097499720752239
0.0003184166271239519
0.0003056667046621442
0.00034024997148662806
0.00030574994161725044
0.00031258328817784786
0.0003050833474844694
0.0003129167016595602
0.0003023750614374876
0.00031470833346247673
0.0003312083426862955
0.0003171666758134961
0.000339583377353847
0.0003270832821726799
0.0003222082741558552
0.00032979168463498354
0.00032354157883673906
0.0003127916716039181

(GCD, average, 400 actors) Done in an average of 0.00031832874985411765 seconds.

Running BenchApp.SpawnManyActors:runGCD with 500 actor(s) and 110 iteration(s).

0.00039404176641255617
0.00038695824332535267
0.0003705417038872838
0.00040862499736249447
0.0003850833745673299
0.00038458325434476137
0.00038524996489286423
0.00037987506948411465
0.0003900832962244749
0.0003731249598786235
0.0003834167728200555
0.00040500005707144737
0.0003840833669528365
0.0003797083627432585
0.0003804167499765754
0.0003773750504478812
0.00038837501779198647
0.0003812500508502126
0.000387291656807065
0.00042954168748110533
0.00040920835454016924
0.0003833749797195196
0.00040716666262596846
0.0004099166253581643
0.00038237497210502625
0.00037679169327020645
0.00041158334352076054
0.0003812917275354266
0.00040333333890885115
0.0003860417054966092
0.00040633336175233126
0.00038037507329136133
0.00038529164157807827
0.00037841673474758863
0.00038587499875575304
0.00037483335472643375
0.0003888333449140191
0.00038391666021198034
0.0003870833897963166
0.0003822499420493841
0.00038358336314558983
0.000384374987334013
0.0003847082844004035
0.00041033339221030474
0.0003714583581313491
0.0003998334286734462
0.0003899582661688328
0.0003831665962934494
0.00038187496829777956
0.00040208338759839535
0.0003880000440403819
0.00040904164779931307
0.00038374995347112417
0.00038700003642588854
0.0003807916073128581
0.0003617500187829137
0.00036520836874842644
0.00040520832408219576
0.0003869583597406745
0.0003914999542757869
0.0003854166716337204
0.00041995837818831205
0.00038670829962939024
0.00040600006468594074
0.0003840832505375147
0.0003907083300873637
0.0003860417054966092
0.00038762507028877735
0.00038508325815200806
0.0003869583597406745
0.0003752916818484664
0.00039104162715375423
0.0003833749797195196
0.0004084582906216383
0.00038683332968503237
0.000377166667021811
0.0004164999118074775
0.00040004169568419456
0.00039466668386012316
0.000384374987334013
0.0003831250360235572
0.00038899993523955345
0.0003847916377708316
0.0004135000053793192
0.0003914999542757869
0.00038374995347112417
0.00038487499114125967
0.0004117499338462949
0.0003792917123064399
0.00041033339221030474
0.0003914167173206806
0.000384374987334013
0.00038958340883255005
0.0003933749394491315
0.0003961666952818632
0.00038662494625896215
0.00038487499114125967
0.0004035832826048136
0.00039075000677257776
0.00037204159889370203
0.0003888333449140191
0.0004035833990201354
0.000383583246730268
0.0003821250284090638
0.00040754175279289484
0.0003770416369661689
0.00038287509232759476
0.0003859583521261811
0.0003912083338946104
0.00037883338518440723

(GCD, average, 500 actors) Done in an average of 0.00038993958965875206 seconds.

Running BenchApp.SpawnManyActors:runGCD with 600 actor(s) and 110 iteration(s).

0.0004461250500753522
0.00045908335596323013
0.0004567916039377451
0.0004761249292641878
0.0004556666826829314
0.000454624998383224
0.0004994584014639258
0.0004532916937023401
0.0004830000689253211
0.00047904171515256166
0.00045508332550525665
0.0004521249793469906
0.0004565833369269967
0.00045983330346643925
0.00045537506230175495
0.0004544166149571538
0.0004556250059977174
0.0004544167313724756
0.0004693749360740185
0.000455416738986969
0.0004553749458864331
0.0004607082810252905
0.0004603749839589
0.0004694584058597684
0.00048441661056131124
0.0004561666864901781
0.0004630833864212036
0.0004567500436678529
0.000479208305478096
0.00045654166024178267
0.00045683328062295914
0.000478541711345315
0.00048049993347376585
0.0004577917279675603
0.00047283328603953123
0.00048016663640737534
0.00045175000559538603
0.00045691675040870905
0.0004624583525583148
0.0004920416977256536
0.0004574166378006339
0.0004540833178907633
0.0004492499865591526
0.0004831249825656414
0.00048524991143494844
0.0004746250342577696
0.00045583327300846577
0.00045820826198905706
0.00045154173858463764
0.0004691666690632701
0.000463291653431952
0.00048116676043719053
0.0004538750508800149
0.0004571249010041356
0.0004606249276548624
0.0004746250342577696
0.0005142083391547203
0.0004581250250339508
0.00047958327922970057
0.00047895824536681175
0.000480624963529408
0.0004694999661296606
0.0004841666668653488
0.00048016663640737534
0.0004611250478774309
0.00045695831067860126
0.00045608333311975
0.0004791249521076679
0.00045458332169800997
0.00045270833652466536
0.0004496666369959712
0.0004727916093543172
0.0004743334138765931
0.00046137499157339334
0.0004623749991878867
0.0004544999683275819
0.00045795831829309464
0.00044587498996406794
0.00046487501822412014
0.0004640000406652689
0.0004548333818092942
0.00045350007712841034
0.0004566666902974248
0.00045683339703828096
0.00046616664621979
0.000452374923042953
0.0004805416101589799
0.00045054173097014427
0.00047554168850183487
0.0005053333006799221
0.0004544167313724756
0.0004722500452771783
0.0004761249292641878
0.0004574584309011698
0.0004504999378696084
0.00045587506610900164
0.00046220840886235237
0.000456041656434536
0.00045283325016498566
0.000454624998383224
0.00045545841567218304
0.000480666640214622
0.0004569166339933872
0.00045458332169800997
0.00046012504026293755
0.0005000833189114928
0.00045375002082437277
0.00045816670171916485
0.000500291702337563
0.0004548332653939724

(GCD, average, 600 actors) Done in an average of 0.0004646258323919028 seconds.

Running BenchApp.SpawnManyActors:runGCD with 700 actor(s) and 110 iteration(s).

0.0005342083750292659
0.0005266249645501375
0.0005277916789054871
0.0005390832666307688
0.000534333405084908
0.0005548750050365925
0.0005250415997579694
0.0005558750126510859
0.0005289166001603007
0.0005235833814367652
0.0005282500060275197
0.0005269167013466358
0.0005698750028386712
0.0005275000585243106
0.0005272499984130263
0.0005279582692310214
0.0005288749234750867
0.0005286666564643383
0.0005280832992866635
0.000526333344168961
0.0005573750240728259
0.000529833254404366
0.000526249990798533
0.0005268750246614218
0.0005333750741556287
0.0005343332886695862
0.0005272499984130263
0.0005250417161732912
0.0005269167013466358
0.0005280832992866635
0.0005607915809378028
0.0005257083103060722
0.0005583750316873193
0.0005209166556596756
0.0005303750513121486
0.0005261666374281049
0.0005315833259373903
0.0005276250885799527
0.0005732083227485418
0.0006050833035260439
0.0006090416572988033
0.0006544166244566441
0.0006257083732634783
0.0006062083411961794
0.0005958749679848552
0.000530624995008111
0.0005289167165756226
0.0005325416568666697
0.0005303749348968267
0.0005344999954104424
0.000522541580721736
0.0005276249721646309
0.0005286666564643383
0.0005255000432953238
0.0005525000160560012
0.0005647916113957763
0.0005309582920745015
0.0005501249106600881
0.0005245417123660445
0.0005607083439826965
0.0005518749821931124
0.0005337082548066974
0.0005256249569356441
0.0005142916925251484
0.0005332917207852006
0.0005531666101887822
0.0005257501034066081
0.0005252916598692536
0.0005550000350922346
0.0005275832954794168
0.0005254583666101098
0.0005280000623315573
0.0005454582860693336
0.0005559583660215139
0.0005304166115820408
0.0005496666999533772
0.0005289999535307288
0.0005540833808481693
0.0005332082509994507
0.0005272083217278123
0.0005373749881982803
0.0005281249759718776
0.0005187499336898327
0.0005452916957437992
0.000529833254404366
0.0005501250270754099
0.0005290000699460506
0.0005269999383017421
0.0005515416851267219
0.0005218749865889549
0.0005217499565333128
0.0005321250064298511
0.0005281250923871994
0.0005307083483785391
0.000527708325535059
0.0005524166626855731
0.0005477500380948186
0.0005229583475738764
0.0005377917550504208
0.0005218333099037409
0.0005719582550227642
0.0005359167698770761
0.0005563750164583325
0.000550874974578619
0.000523374998010695
0.0005331250140443444
0.0005265416111797094
0.0005346250254660845
0.000527750002220273
0.0005215416895225644

(GCD, average, 700 actors) Done in an average of 0.0005399924970697612 seconds.

Running BenchApp.SpawnManyActors:runGCD with 800 actor(s) and 110 iteration(s).

0.0006311667384579778
0.0006382083520293236
0.000603708322159946
0.0006010833894833922
0.0005983333103358746
0.000601708423346281
0.0006029166979715228
0.0005944999866187572
0.0006189582636579871
0.0006126667140051723
0.0006214167224243283
0.0006016666302457452
0.0005995417013764381
0.0006338750245049596
0.0005953332874923944
0.0006028750212863088
0.000597916659899056
0.0006266250275075436
0.0006029583746567369
0.0005989583441987634
0.0006009166827425361
0.0005986666074022651
0.0006052916869521141
0.0006018333369866014
0.0005985833704471588
0.0005995833780616522
0.0005984166637063026
0.0005989166675135493
0.0006253332830965519
0.0006017083069309592
0.0006260416703298688
0.0005987499607726932
0.0006213749293237925
0.0006000417051836848
0.0006065000779926777
0.0006044999463483691
0.0005992916412651539
0.0006294583436101675
0.000597916659899056
0.0006119583267718554
0.0006287500727921724
0.0006085416534915566
0.0006254999898374081
0.000608083326369524
0.0005939583061262965
0.0005990415811538696
0.0006050000665709376
0.0005994583480060101
0.000601499923504889
0.0005996667314320803
0.0006091250106692314
0.0006229582941159606
0.0006213333690539002
0.000641333288513124
0.0005995417013764381
0.0006207083351910114
0.00059795833658427
0.0005999583518132567
0.0006321667460724711
0.0006281250389292836
0.0006315833888947964
0.0005982917500659823
0.0006087500369176269
0.0006007916526868939
0.0005996666150167584
0.0006032083183526993
0.0006097917212173343
0.0005935416556894779
0.0006077083526179194
0.0005924582947045565
0.0006094584241509438
0.0005993333179503679
0.0005874166963621974
0.0005861666286364198
0.0006140000186860561
0.0005768332630395889
0.0005797083722427487
0.0005854166811332107
0.0005829582223668694
0.0005917500238865614
0.0005970000056549907
0.0005948749603703618
0.0005900000687688589
0.0005852499743923545
0.0005842916434630752
0.0005887916777282953
0.0005836666096001863
0.0005852499743923545
0.0005782917141914368
0.0005935416556894779
0.0005909166065976024
0.0005857499781996012
0.0005843333201482892
0.0005983749870210886
0.0005848333239555359
0.0005825000116601586
0.0005844999104738235
0.0005750416312366724
0.0005843749968335032
0.000584124936722219
0.0005818749777972698
0.0005801666993647814
0.000582041684538126
0.0005827916320413351
0.0006009166827425361
0.0005818333011120558
0.0005805833498016
0.0005817500641569495
0.0005745833041146398
0.0005814583273604512

(GCD, average, 800 actors) Done in an average of 0.0005997149995528162 seconds.

Running BenchApp.SpawnManyActors:runGCD with 900 actor(s) and 110 iteration(s).

0.0006585833616554737
0.0006590833654627204
0.0006612082943320274
0.0006545833311975002
0.0006628333358094096
0.0006698333891108632
0.0006563334027305245
0.0006727499421685934
0.0006621666252613068
0.0006577499443665147
0.0006591666024178267
0.000663041602820158
0.0006639166967943311
0.0006484166951850057
0.0006497499998658895
0.000654333271086216
0.000674791750498116
0.0006569583201780915
0.0006555416621267796
0.0006557500455528498
0.0006616667378693819
0.0006556250154972076
0.0006551248952746391
0.0006550416583195329
0.0006569167599081993
0.0006545833311975002
0.0006554999854415655
0.0006625833921134472
0.0006634583696722984
0.0006549999816343188
0.0006550416583195329
0.0006690833251923323
0.0006567500531673431
0.0006607082905247808
0.0006631249561905861
0.0006637499900534749
0.0006631249561905861
0.0006521251052618027
0.0006569166434928775
0.000658041681163013
0.000655208365060389
0.0006621667416766286
0.0006610833806917071
0.0006532083498314023
0.0006548749515786767
0.0006547082448378205
0.000655791605822742
0.0006562916096299887
0.0006589166587218642
0.0006581250345334411
0.0006590000120922923
0.0006601250497624278
0.0006743334233760834
0.0006572083802893758
0.0006568332901224494
0.0006553749553859234
0.000655791605822742
0.0006545416545122862
0.000650791684165597
0.0006579583277925849
0.0006648750277236104
0.0006497499998658895
0.0006635832833126187
0.0006629583658650517
0.0006540416507050395
0.0006521249888464808
0.000658749951981008
0.0006649167044088244
0.0006552500417456031
0.0006578750908374786
0.0006564583163708448
0.0006575000006705523
0.0006588749820366502
0.0006519582821056247
0.0006580832414329052
0.0006535833235830069
0.0006562499329447746
0.0006554999854415655
0.0006535416468977928
0.0006593333091586828
0.0006550833350047469
0.000657375087030232
0.0006637499900534749
0.000653750030323863
0.0006527916993945837
0.0006524166092276573
0.0006648750277236104
0.0006544999778270721
0.0006499583832919598
0.0006567500531673431
0.0006572917336598039
0.0006522499024868011
0.0006561250193044543
0.0006525416392832994
0.0006587083917111158
0.0006586250383406878
0.0006607916438952088
0.0006553750718012452
0.0006552917184308171
0.0006563334027305245
0.0006492083193734288
0.0006534582935273647
0.0006511249812319875
0.0006575833540409803
0.0006557917222380638
0.000662416685372591
0.0006622916553169489
0.0006616666214540601
0.0006492499960586429
0.0006756666116416454

(GCD, average, 900 actors) Done in an average of 0.0006575641687959433 seconds.

Running BenchApp.SpawnManyActors:runGCD with 1000 actor(s) and 110 iteration(s).

0.0007215416990220547
0.00073554168920964
0.0007272500079125166
0.0007283749291673303
0.0007276249816641212
0.0007296666735783219
0.0007371667306870222
0.0007316250121220946
0.0007356250425800681
0.0007302499143406749
0.0007308750646188855
0.0007296666735783219
0.0007289167260751128
0.0007353333057835698
0.000742125092074275
0.0007267500041052699
0.0007284582825377584
0.0007264167070388794
0.000729083432815969
0.0007335833506658673
0.0007307500345632434
0.0007313749520108104
0.0007402083138003945
0.000731208361685276
0.000736124929971993
0.0007258750265464187
0.0007335832342505455
0.0007251250790432096
0.0007343332981690764
0.0007250000489875674
0.0007285417523235083
0.0007292083464562893
0.0007283332524821162
0.0007283750455826521
0.0007258333498612046
0.0007190416799858212
0.0007434582803398371
0.0007241249550133944
0.0007322082528844476
0.0007325001060962677
0.0007306250045076013
0.0007262083236128092
0.0007527500856667757
0.0007287083426490426
0.0007272083312273026
0.0007235833909362555
0.0007494583260267973
0.0007417500019073486
0.0007302083540707827
0.0007272500079125166
0.0007305833278223872
0.0007426666561514139
0.000728958286345005
0.0007237499812617898
0.0007365415804088116
0.0007329999934881926
0.0007284166058525443
0.000726875034160912
0.0007274165982380509
0.000732666696421802
0.000732625019736588
0.0007293332600966096
0.0007242083083838224
0.000727666774764657
0.0007296666735783219
0.0007249582558870316
0.0007360832532867789
0.0007379166781902313
0.0007277916884049773
0.0007329167565330863
0.0007363333133980632
0.000724583282135427
0.0007349166553467512
0.000726833357475698
0.0007331665838137269
0.0007334583206102252
0.000728333368897438
0.0007283750455826521
0.0007255832897499204
0.0007423332426697016
0.000731166685000062
0.0007252083159983158
0.0007327917264774442
0.0007283750455826521
0.0007254583761096001
0.0007262500002980232
0.0007299584103748202
0.000728916609659791
0.0007220000261440873
0.0007272916845977306
0.0007319999858736992
0.0007301250007003546
0.0007309166248887777
0.0007292083464562893
0.0007253749063238502
0.0007352499524131417
0.0007213333155959845
0.000726833357475698
0.0007299582939594984
0.0007269167108461261
0.0007227084133774042
0.0007350416854023933
0.0007290833164006472
0.0007337083807215095
0.0007268749177455902
0.0007258749101310968
0.0007257916731759906
0.0007387916557490826
0.0007295000832527876
0.0007249166956171393

(GCD, average, 1000 actors) Done in an average of 0.0007303975010290742 seconds.

Benchmark done
