Pressed 'Run benchmark'
About to run 'GCD'-version of Fibonacci with batch mode: true
Running BenchApp.Fibonacci:runGCD with fib(5) and 110 iteration(s).

0.0004102917155250907
9.695836342871189e-05
8.79999715834856e-05
7.933343295007944e-05
0.00014183332677930593
8.425000123679638e-05
9.34583367779851e-05
6.750004831701517e-05
0.0001003750367090106
0.00011354160960763693
9.47082880884409e-05
9.862496517598629e-05
7.929163984954357e-05
7.574993651360273e-05
8.199992589652538e-05
0.00011829158756881952
8.687505032867193e-05
8.12500948086381e-05
5.795841570943594e-05
6.670830771327019e-05
6.666674744337797e-05
6.145832594484091e-05
7.587496656924486e-05
0.00012962508480995893
9.745836723595858e-05
7.254164665937424e-05
7.391662802547216e-05
6.104167550802231e-05
9.229173883795738e-05
0.00012599991168826818
9.679165668785572e-05
6.716663483530283e-05
7.77500681579113e-05
6.791658233851194e-05
7.804168853908777e-05
0.0001152500044554472
9.487499482929707e-05
8.408329449594021e-05
7.279170677065849e-05
7.59166432544589e-05
7.141672540456057e-05
8.370832074433565e-05
8.679169695824385e-05
7.295829709619284e-05
9.23332991078496e-05
8.174998220056295e-05
7.587508298456669e-05
6.750004831701517e-05
0.00012012501247227192
5.945831071585417e-05
7.095839828252792e-05
6.200000643730164e-05
8.079165127128363e-05
6.337498780339956e-05
0.00010987499263137579
5.425000563263893e-05
6.045831833034754e-05
5.0708302296698093e-05
9.820831473916769e-05
0.00036483327858150005
6.279163062572479e-05
4.6874978579580784e-05
6.533332634717226e-05
4.970829468220472e-05
9.475008118897676e-05
4.5583234168589115e-05
6.941671017557383e-05
5.908333696424961e-05
6.400002166628838e-05
6.033340469002724e-05
5.016673821955919e-05
5.366664845496416e-05
6.233341991901398e-05
7.937499321997166e-05
6.183329969644547e-05
8.779170457273722e-05
5.9291720390319824e-05
5.7999975979328156e-05
4.67916252091527e-05
6.229162681847811e-05
4.508334677666426e-05
6.850005593150854e-05
5.52500132471323e-05
5.633337423205376e-05
8.899997919797897e-05
8.074997458606958e-05
9.312503971159458e-05
5.666667129844427e-05
6.458337884396315e-05
8.087500464171171e-05
5.8125006034970284e-05
6.291677709668875e-05
6.479164585471153e-05
5.8833276852965355e-05
5.9125013649463654e-05
6.633333396166563e-05
5.1291659474372864e-05
6.908329669386148e-05
5.8166682720184326e-05
5.0333328545093536e-05
6.820831913501024e-05
6.841670256108046e-05
7.762503810226917e-05
6.187497638165951e-05
7.349997758865356e-05
5.52500132471323e-05
4.63749747723341e-05
5.808332934975624e-05
5.500006955116987e-05
4.658335819840431e-05

(GCD, average, fib(5)) Done in an average of 7.495792000554502e-05 seconds.

Running BenchApp.Fibonacci:runGCD with fib(10) and 110 iteration(s).

0.0004389999667182565
0.0003942083567380905
0.000360416597686708
0.0003780833212658763
0.0003442083252593875
0.0003695833729580045
0.00037999998312443495
0.0003991666017100215
0.00035099999513477087
0.00036954169627279043
0.0003304999554529786
0.00031545839738100767
0.0003069166559726
0.00030345830600708723
0.00033650000113993883
0.0002802916569635272
0.0003121667541563511
0.00028974993620067835
0.0002903332933783531
0.00029437500052154064
0.00029150000773370266
0.00028525001835078
0.0006615417078137398
0.0005432915640994906
0.0005162500310689211
0.0005026250146329403
0.0004968332359567285
0.0004809583770111203
0.0005048750899732113
0.0005032916087657213
0.0005250832764431834
0.0005119583802297711
0.0005134999519214034
0.0004903750959783792
0.000474208383820951
0.0004960832884535193
0.00048604165203869343
0.0005070416955277324
0.0004929166752845049
0.00047179171815514565
0.00045041670091450214
0.0003173333825543523
0.00031349994242191315
0.0003150834236294031
0.0003148750402033329
0.0003157083410769701
0.0003268750151619315
0.0003230416914448142
0.0003052082611247897
0.0003321249969303608
0.00030712492298334837
0.0003056667046621442
0.00030820840038359165
0.00030637497548013926
0.00030633341521024704
0.00031183334067463875
0.0003207916161045432
0.00031637505162507296
0.00030824996065348387
0.0003108750097453594
0.00032175006344914436
0.0003033332759514451
0.00036958325654268265
0.00031141669023782015
0.0003102084156125784
0.0003099582390859723
0.0003095000283792615
0.00032049999572336674
0.0003240832593291998
0.00030574994161725044
0.0003129167016595602
0.0003173333825543523
0.0003206665860489011
0.0003102499758824706
0.0003342917189002037
0.00031545839738100767
0.00029616663232445717
0.0002377500059083104
0.00023875001352280378
0.00023537501692771912
0.00025495828595012426
0.00023129174951463938
0.00024154165294021368
0.00023891672026365995
0.00024908327031880617
0.0002487082965672016
0.0002414582995697856
0.00023808330297470093
0.00023445836268365383
0.00023500004317611456
0.00023904163390398026
0.0002315416932106018
0.0002441250253468752
0.0002328749978914857
0.00023895828053355217
0.00023179163690656424
0.00023429165594279766
0.0002573333913460374
0.00024416670203208923
0.00023637490812689066
0.00024354166816920042
0.00024333340115845203
0.00023458339273929596
0.0002789166755974293
0.00023500004317611456
0.000233166734687984
0.00024233327712863684
0.0002902083797380328
0.00023533334024250507
0.00024204165674746037

(GCD, average, fib(10)) Done in an average of 0.00032618666999042036 seconds.

Running BenchApp.Fibonacci:runGCD with fib(15) and 110 iteration(s).

0.0026739166351035237
0.002655291580595076
0.0021744166733697057
0.002173958346247673
0.002157291630282998
0.0021425416925922036
0.0020693333353847265
0.001848125015385449
0.00186037493404001
0.0018447083421051502
0.0018997499719262123
0.0018248333362862468
0.001672833226621151
0.001709166681393981
0.0016922083450481296
0.0015667083207517862
0.0015357499942183495
0.001564375008456409
0.0015675834147259593
0.0016238749958574772
0.001643249997869134
0.0014948333846405149
0.0013772917445749044
0.0013620833633467555
0.001372625003568828
0.001379083376377821
0.001405083341524005
0.0013654583599418402
0.001374750048853457
0.0013873749412596226
0.0014110417105257511
0.0013649583561345935
0.0013512499863281846
0.0013621667167171836
0.0013534582685679197
0.0013873333809897304
0.0014017916982993484
0.001366791664622724
0.0013860833132639527
0.0014071667101234198
0.001391291618347168
0.0013673750218003988
0.0014296249719336629
0.0013935832539573312
0.0013626250438392162
0.0014026666758581996
0.0013635832583531737
0.0013881666818633676
0.0013656249502673745
0.001355208340100944
0.0013510000426322222
0.0013626250438392162
0.0013620000099763274
0.0013844999484717846
0.001391249941661954
0.0013557083439081907
0.0013752916129305959
0.0013607500586658716
0.0013925416860729456
0.0014026666758581996
0.0013777916319668293
0.0013879167381674051
0.0013387083308771253
0.0013814582489430904
0.0013477500760927796
0.001358833396807313
0.0013722083531320095
0.001452916651032865
0.0013780415756627917
0.0014141666470095515
0.0013700416311621666
0.0013665833976119757
0.0013934583403170109
0.001410875003784895
0.0014146249741315842
0.0013451249105855823
0.001367583405226469
0.00139570829924196
0.0013525832910090685
0.0014141249703243375
0.0013944166712462902
0.0014498333912342787
0.001371166668832302
0.0013975832844153047
0.0013706249883398414
0.0013915000017732382
0.0013550417497754097
0.0013719166163355112
0.0013534999452531338
0.0013549166033044457
0.0013326667249202728
0.0013852083357051015
0.00135516666341573
0.001345041673630476
0.0014306666562333703
0.0013355833943933249
0.001352291670627892
0.0013866666704416275
0.0013710000785067677
0.0013889999827370048
0.0013748749624937773
0.0013953750021755695
0.0013376249698922038
0.0013543333625420928
0.0013461249182000756
0.001381291658617556
0.0013672916684299707
0.0013837500009685755
0.0013781667221337557
0.0013810415985062718

(GCD, average, fib(15)) Done in an average of 0.001410032083513215 seconds.

Running BenchApp.Fibonacci:runGCD with fib(20) and 110 iteration(s).

0.01517825003247708
0.015131458407267928
0.015169374994002283
0.015141916694119573
0.015164249925874174
0.015115208341740072
0.015025083324871957
0.015067083295434713
0.015123958350159228
0.015237500076182187
0.01538737490773201
0.015243333298712969
0.015253458404913545
0.015357166761532426
0.01520699996035546
0.015209041652269661
0.015319208381697536
0.015088250045664608
0.015007291687652469
0.015097333351150155
0.015263666631653905
0.015189708326943219
0.015038166660815477
0.015228333417326212
0.015190958394668996
0.01506083330605179
0.015298625105060637
0.015230416669510305
0.015119166695512831
0.015058583347126842
0.01502425002399832
0.015314583433791995
0.015054374933242798
0.01511400006711483
0.015120416646823287
0.015080583398230374
0.014932041754946113
0.014871041756123304
0.015177291701547801
0.01520558341871947
0.015296708326786757
0.01497749995905906
0.015158583410084248
0.015233583399094641
0.015093875001184642
0.01514779170975089
0.015199541696347296
0.015014250064268708
0.015170791652053595
0.014982833294197917
0.01507775008212775
0.015220916597172618
0.015205458388663828
0.015163750038482249
0.01516924996394664
0.015195749932900071
0.015173374908044934
0.015123833320103586
0.015191833255812526
0.015129541628994048
0.015140833333134651
0.015010375063866377
0.015100291697308421
0.015092166606336832
0.015134791727177799
0.015303916647098958
0.01535712496843189
0.01507358334492892
0.015118208364583552
0.015109625062905252
0.01532087498344481
0.015140541712753475
0.015136833302676678
0.015157791669480503
0.015204291674308479
0.015277083264663815
0.015061541693285108
0.015085458406247199
0.015074749942868948
0.015165041666477919
0.015124499914236367
0.01511700008995831
0.01524558337405324
0.01524441665969789
0.015204249997623265
0.015199541696347296
0.015178833389654756
0.015074499999172986
0.015011541661806405
0.014980416744947433
0.015139708295464516
0.014993416611105204
0.015134874964132905
0.015439958311617374
0.015116499969735742
0.015186124946922064
0.01510629162658006
0.015205833362415433
0.015019875019788742
0.01516345830168575
0.015049000037834048
0.015017666737549007
0.014849583385512233
0.014933999977074564
0.015150416642427444
0.015130624989978969
0.015208791708573699
0.015113666653633118
0.015167166711762547
0.015157166752032936

(GCD, average, fib(20)) Done in an average of 0.015143988344352693 seconds.

Running BenchApp.Fibonacci:runGCD with fib(25) and 110 iteration(s).

0.17254554165992886
0.17423620831687003
0.17213245842140168
0.16947466670535505
0.1714498749934137
0.17308529175352305
0.16957579168956727
0.17498187499586493
0.17571350000798702
0.17359237500932068
0.17578495829366148
0.17265983333345503
0.17128229164518416
0.17352725006639957
0.17254804156254977
0.1739217082504183
0.17511974996887147
0.16893774992786348
0.17100212501827627
0.17139116663020104
0.17179458332248032
0.1713690833421424
0.17181279161013663
0.17181562492623925
0.17290904163382947
0.17062812496442348
0.17178408335894346
0.1685761249391362
0.16985566657967865
0.1718397915828973
0.17284766666125506
0.1717245833715424
0.17200333334039897
0.1733019583625719
0.17114083329215646
0.17513537500053644
0.16975254169665277
0.1708452916936949
0.17246237501967698
0.17401470837648958
0.1718774999026209
0.1720630000345409
0.1707202916732058
0.17320454167202115
0.17080779164098203
0.1739140417193994
0.1741943749366328
0.17147783329710364
0.17095204163342714
0.17099279165267944
0.17111266660504043
0.17451912502292544
0.17241370829287916
0.17205829173326492
0.17129483330063522
0.1716924166539684
0.1703832916682586
0.1719647500431165
0.16992341668810695
0.17195241677109152
0.17171883338596672
0.17060987500008196
0.17275337502360344
0.17100612493231893
0.17301229166332632
0.17061866668518633
0.171992166666314
0.17236979166045785
0.173655541613698
0.1716834583785385
0.17317858338356018
0.1713783749146387
0.17339404160156846
0.17498474998865277
0.17114008334465325
0.17249266663566232
0.17016562493517995
0.17160512506961823
0.17161220835987478
0.17314087506383657
0.17483937495853752
0.17065637500490993
0.17342108336742967
0.17105391656514257
0.17216158332303166
0.17326487507671118
0.17281820834614336
0.17194379167631269
0.17372454167343676
0.17388412507716566
0.17195679165888578
0.17283883329946548
0.17139962501823902
0.17137312493287027
0.17005708324722946
0.17197533324360847
0.17144895833916962
0.17082779156044126
0.16985416668467224
0.17067620833404362
0.1732067916309461
0.17162899998947978
0.16835737496148795
0.17190537496935576
0.17271862493362278
0.17117300000973046
0.17065512493718415
0.17144474992528558
0.1726062500383705
0.17499337496701628

(GCD, average, fib(25)) Done in an average of 0.17200685498770327 seconds.

Benchmark done
