Pressed 'Run benchmark'
About to run 'GCD'-version of Fibonacci with batch mode: true
Running BenchApp.Fibonacci:runGCD with fib(5) and 110 iteration(s).

0.00025908334646373987
0.00020754162687808275
7.9708406701684e-05
8.958333637565374e-05
0.00012341677211225033
8.587504271417856e-05
9.195832535624504e-05
8.654163684695959e-05
8.13750084489584e-05
8.033332414925098e-05
9.508337825536728e-05
8.749996777623892e-05
7.329159416258335e-05
8.087500464171171e-05
8.158327545970678e-05
7.987499702721834e-05
6.65000407025218e-05
7.908337283879519e-05
7.387506775557995e-05
7.595831993967295e-05
7.120834197849035e-05
6.995839066803455e-05
7.933331653475761e-05
8.362496737390757e-05
7.920828647911549e-05
7.095839828252792e-05
0.00010587507858872414
6.5250089392066e-05
6.374996155500412e-05
8.150003850460052e-05
6.945838686078787e-05
7.887498941272497e-05
7.183337584137917e-05
6.975000724196434e-05
8.204160258173943e-05
5.583337042480707e-05
8.162495214492083e-05
7.974996697157621e-05
5.7166675105690956e-05
6.229162681847811e-05
7.63332936912775e-05
9.629165288060904e-05
9.633332956582308e-05
0.00012012501247227192
9.825010783970356e-05
5.6750024668872356e-05
6.616662722080946e-05
7.516669575124979e-05
4.916673060506582e-05
5.395826883614063e-05
5.2583287470042706e-05
6.020825821906328e-05
6.266660057008266e-05
6.133341230452061e-05
5.60833141207695e-05
7.741665467619896e-05
7.812492549419403e-05
7.129169534891844e-05
6.766663864254951e-05
6.895826663821936e-05
7.01249809935689e-05
5.891663022339344e-05
6.80417288094759e-05
8.533324580639601e-05
8.575001265853643e-05
7.079157512634993e-05
6.070826202630997e-05
7.420836482197046e-05
8.933339267969131e-05
5.808332934975624e-05
5.945831071585417e-05
5.937495734542608e-05
6.574997678399086e-05
5.8249919675290585e-05
7.854157593101263e-05
6.80417288094759e-05
5.3708325140178204e-05
4.241673741489649e-05
6.62083039060235e-05
4.8874993808567524e-05
5.491659976541996e-05
5.9125013649463654e-05
7.399998139590025e-05
0.0002622082829475403
5.549995694309473e-05
6.204156670719385e-05
5.754176527261734e-05
6.491667591035366e-05
4.395830910652876e-05
6.383343134075403e-05
5.420832894742489e-05
8.529168553650379e-05
7.783342152833939e-05
8.133333176374435e-05
7.066666148602962e-05
7.700000423938036e-05
6.241665687412024e-05
8.529168553650379e-05
5.466677248477936e-05
7.641664706170559e-05
5.6750024668872356e-05
5.5249896831810474e-05
6.391666829586029e-05
5.345826502889395e-05
5.7999975979328156e-05
5.5583310313522816e-05
6.220827344805002e-05
7.599999662488699e-05
6.187509279698133e-05
4.51250234618783e-05

(GCD, average, fib(5)) Done in an average of 7.151041296310723e-05 seconds.

Running BenchApp.Fibonacci:runGCD with fib(10) and 110 iteration(s).

0.0006279166555032134
0.0003822083817794919
0.0003569582477211952
0.0003552916459739208
0.00039395829662680626
0.00036462489515542984
0.0003417499829083681
0.00035937491338700056
0.0003762083360925317
0.00035191664937883615
0.0003185833338648081
0.0002904166467487812
0.0002999999560415745
0.0002875416539609432
0.00033858336973935366
0.00031608331482857466
0.0002995833056047559
0.0003282083198428154
0.0003215833567082882
0.00029250001534819603
0.00031274999491870403
0.0004830834222957492
0.0005207916256040335
0.0004912083968520164
0.0005227916408330202
0.0005019584205001593
0.0005139583954587579
0.0005108750192448497
0.0005099583650007844
0.0005099999252706766
0.0004891249118372798
0.00048804166726768017
0.0005062916316092014
0.00048804166726768017
0.0004904166562482715
0.00048774993047118187
0.0004938750062137842
0.0004878750769421458
0.0004907917464151978
0.0004875833401456475
0.00038424995727837086
0.0003481665626168251
0.00030625006183981895
0.00031470833346247673
0.0003143333597108722
0.00031050003599375486
0.0003087917575612664
0.00030770828016102314
0.0003232499584555626
0.00030504167079925537
0.00032991659827530384
0.0003102084156125784
0.0003113750135526061
0.000333791715092957
0.00031245837453752756
0.00031329167541116476
0.00032091664616018534
0.00031866657081991434
0.00030783331021666527
0.0003119999310001731
0.0003177500329911709
0.00030604167841374874
0.0003089166712015867
0.0003247916465625167
0.00030470837373286486
0.00031058338936418295
0.000323666725307703
0.000301958411000669
0.0003315000794827938
0.0003095415886491537
0.0003186250105500221
0.000309833325445652
0.0003203749656677246
0.0003389583434909582
0.0003163332585245371
0.0003087082877755165
0.00031883339397609234
0.0003162083448842168
0.0003472083481028676
0.0003211249131709337
0.00033229170367121696
0.0002863749396055937
0.00023450003936886787
0.0002405416453257203
0.00023100001271814108
0.0002355417236685753
0.00023720832541584969
0.0002335000317543745
0.00025216664653271437
0.0002575416583567858
0.00023841671645641327
0.0002326667308807373
0.0002491667401045561
0.00022987497504800558
0.00023691670503467321
0.00023491668980568647
0.00024316669441759586
0.00024229171685874462
0.00024491664953529835
0.00024150009267032146
0.00024554168339818716
0.0002530416240915656
0.00024262501392513514
0.00023812497965991497
0.00023737503215670586
0.00023883336689323187
0.00022950000129640102
0.0002501249546185136
0.00025358330458402634
0.00024316669441759586

(GCD, average, fib(10)) Done in an average of 0.00032995792222209277 seconds.

Running BenchApp.Fibonacci:runGCD with fib(15) and 110 iteration(s).

0.0027094583492726088
0.0025376250268891454
0.0021709167631343007
0.0022152916062623262
0.0022126666735857725
0.002143541700206697
0.0019178750226274133
0.0018327500438317657
0.0018934999825432897
0.001905958284623921
0.0018451249925419688
0.0017821666551753879
0.0017088332679122686
0.001685291645117104
0.001685208291746676
0.0015269999857991934
0.0015280416700989008
0.0015428332844749093
0.0015785000286996365
0.0016537084011361003
0.0016219583339989185
0.0014313333667814732
0.0013682916760444641
0.00137533328961581
0.0013753334060311317
0.0013563333777710795
0.0014097500825300813
0.0013744167517870665
0.0013542083324864507
0.0013664166908711195
0.00136524997651577
0.0013686249731108546
0.001343499985523522
0.001369708334095776
0.0013656250666826963
0.0013788749929517508
0.0013767917407676578
0.0013444583164528012
0.0014189166249707341
0.0013866249937564135
0.0013911667047068477
0.0013863749336451292
0.0013749999925494194
0.0013858332531526685
0.0013636250514537096
0.0014120000414550304
0.0014140417333692312
0.001404333277605474
0.0013647916493937373
0.0013556666672229767
0.0013707916950806975
0.0013681250857189298
0.001365874893963337
0.0013737500412389636
0.001385499956086278
0.0013687083264812827
0.0013648750027641654
0.0013693332439288497
0.0013972916640341282
0.0013693749206140637
0.0013668750179931521
0.0013482499634847045
0.0013592499308288097
0.0014074583305045962
0.0013599583180621266
0.0013823333429172635
0.0013640417018905282
0.0014042917173355818
0.0013812084216624498
0.0013575833290815353
0.0013607082655653358
0.0014030833262950182
0.0013722915900871158
0.0013760833535343409
0.0013732083607465029
0.0013490832643583417
0.0013844165951013565
0.0013625832507386804
0.001361791742965579
0.0013887083623558283
0.0013538333587348461
0.0013632916379719973
0.0014040833339095116
0.0014147500041872263
0.001349416677840054
0.001382541609928012
0.0013708749320358038
0.0013684582663699985
0.0013582917163148522
0.0013517916668206453
0.0013429166283458471
0.0013714999658986926
0.0013750833459198475
0.0013686666497960687
0.0013504583621397614
0.0013805832713842392
0.001363250077702105
0.0014032499166205525
0.0013960417127236724
0.0013448749668896198
0.0013774583349004388
0.0013853333657607436
0.001350916689261794
0.0013715833192691207
0.001394916675053537
0.0013846249785274267
0.0013475833693519235
0.0013661249540746212
0.001363083254545927
0.0013831666437909007

(GCD, average, fib(15)) Done in an average of 0.0014047687454149128 seconds.

Running BenchApp.Fibonacci:runGCD with fib(20) and 110 iteration(s).

0.015128541621379554
0.015098416712135077
0.015015166718512774
0.015130791696719825
0.01518016669433564
0.015060208388604224
0.015095583396032453
0.015127125079743564
0.014943249989300966
0.01498383330181241
0.014927624957635999
0.015016083256341517
0.015050041722133756
0.015117250033654273
0.015029041678644717
0.015175624983385205
0.015132958302274346
0.015071833389811218
0.015032541705295444
0.01518200000282377
0.015102374949492514
0.015133999986574054
0.015068708336912096
0.015059416648000479
0.015117999981157482
0.014997458318248391
0.015151583356782794
0.015120749943889678
0.014975666650570929
0.015120291733182967
0.014991916599683464
0.015149333397857845
0.015048083383589983
0.014989583287388086
0.015084791695699096
0.015055375057272613
0.015170166734606028
0.01515037496574223
0.01507775008212775
0.015074625029228628
0.015109541709534824
0.01508291659411043
0.014992541633546352
0.015074833296239376
0.015087916748598218
0.015023041749373078
0.014977666665799916
0.015065750107169151
0.015023916610516608
0.015119291609153152
0.01511808333452791
0.015070708352141082
0.014987124945037067
0.014998166705481708
0.015062666614539921
0.015083541627973318
0.015042083337903023
0.01506629167124629
0.015037291683256626
0.014910458237864077
0.015055916621349752
0.015075166709721088
0.015003375010564923
0.015106458333320916
0.015092708403244615
0.015108666731975973
0.015076583251357079
0.015168125042691827
0.015090458327904344
0.015118958312086761
0.01516579173039645
0.015119375078938901
0.01497449993621558
0.014994416618719697
0.015081124962307513
0.015069666667841375
0.015135791734792292
0.015187499928288162
0.015047333319671452
0.015083750011399388
0.015118333394639194
0.015042458311654627
0.015405291691422462
0.014984416658990085
0.015027291723527014
0.015118250041268766
0.015180249931290746
0.01514445838984102
0.01510425005108118
0.015051666647195816
0.015051666647195816
0.015117999981157482
0.015062708407640457
0.015049291658215225
0.014966499991714954
0.015070666675455868
0.015149541664868593
0.014922541682608426
0.014926500036381185
0.014906541677191854
0.01497191668022424
0.0149618333671242
0.015099666663445532
0.014928208431228995
0.015153458341956139
0.015103541663847864
0.015064291656017303
0.015113250003196299
0.015049333334900439
0.015088333399035037

(GCD, average, fib(20)) Done in an average of 0.015069992089411243 seconds.

Running BenchApp.Fibonacci:runGCD with fib(25) and 110 iteration(s).

0.175264083314687
0.17227074992842972
0.17246254172641784
0.1744532083394006
0.17427837499417365
0.17500391672365367
0.1690385416150093
0.17278812499716878
0.17319045832846314
0.17477425001561642
0.17069162498228252
0.16813241667114198
0.17029587493743747
0.17267804162111133
0.17381387494970113
0.1728669583098963
0.1733694999711588
0.17146166658494622
0.17480008327402174
0.17458800005260855
0.16905570833478123
0.1744029582478106
0.17207129171583802
0.17517891665920615
0.17399170831777155
0.17467808339279145
0.17457549995742738
0.17281916667707264
0.17394716665148735
0.17710133327636868
0.17497649998404086
0.1758189583197236
0.1748173333471641
0.17499562492594123
0.1747902916977182
0.17540025000926107
0.17430683341808617
0.17433391662780195
0.1733578749699518
0.17295512498822063
0.17422220832668245
0.17636633338406682
0.17359370831400156
0.1766619166592136
0.1752019583946094
0.17474145838059485
0.17190875008236617
0.17395033326465636
0.17437695828266442
0.1754014166072011
0.17267258325591683
0.17464495834428817
0.17404712503775954
0.17178133327979594
0.17343604168854654
0.17522816662676632
0.17644908337388188
0.17303700000047684
0.17360358324367553
0.17305687500629574
0.17392600001767278
0.17529841663781554
0.1743778750533238
0.17486137489322573
0.17474087490700185
0.17415508336853236
0.17489708331413567
0.17387804167810827
0.17462945834267884
0.17672350001521409
0.17386804171837866
0.17304191668517888
0.17302758328150958
0.17401316668838263
0.1749859165865928
0.17237349995411932
0.17048216669354588
0.172208666568622
0.1752392917405814
0.1754513749619946
0.17368116660509259
0.1747063749935478
0.17370899999514222
0.17224500002339482
0.17276416660752147
0.17444654158316553
0.17252091667614877
0.1752335833152756
0.1743970416719094
0.1728450417285785
0.1739014167105779
0.1736263333586976
0.1741347083589062
0.16984108334872872
0.17507650004699826
0.17594037496019155
0.1740195417078212
0.17127579171210527
0.17485970829147846
0.17007175006438047
0.17253750003874302
0.17429366672877222
0.17290524998679757
0.1721768332645297
0.1723497083876282
0.1722254166379571
0.17589370836503804
0.172251750016585
0.17219225002918392
0.1729094167239964

(GCD, average, fib(25)) Done in an average of 0.17371865249471738 seconds.

Benchmark done
