Pressed 'Run benchmark'
About to run 'Swift concurrency'-version of Fibonacci with batch mode: true
Running BenchApp.Fibonacci:runAsync with fib(5) and 110 iteration(s).

0.0001567500876262784
9.91250853985548e-05
4.970829468220472e-05
7.974996697157621e-05
4.854158032685518e-05
8.012494072318077e-05
3.7083285860717297e-05
6.299989763647318e-05
4.737498238682747e-05
4.120822995901108e-05
4.208332393318415e-05
4.225003067404032e-05
6.583333015441895e-05
4.066666588187218e-05
6.208335980772972e-05
4.795833956450224e-05
4.312500823289156e-05
7.445830851793289e-05
5.404162220656872e-05
4.866661038249731e-05
5.0458358600735664e-05
5.9875077567994595e-05
5.437503568828106e-05
6.375007797032595e-05
5.004159174859524e-05
4.166667349636555e-05
7.433327846229076e-05
6.708339788019657e-05
6.408325862139463e-05
6.233330350369215e-05
6.420828867703676e-05
4.083325620740652e-05
5.979172419756651e-05
6.408337503671646e-05
4.579161759465933e-05
5.1416573114693165e-05
7.974996697157621e-05
4.670838825404644e-05
3.933336120098829e-05
5.383335519582033e-05
4.2916624806821346e-05
8.329167030751705e-05
5.466677248477936e-05
4.7916662879288197e-05
6.38333149254322e-05
8.820835500955582e-05
5.250005051493645e-05
5.216675344854593e-05
3.9916601963341236e-05
4.895834717899561e-05
6.579176988452673e-05
4.525005351752043e-05
6.420828867703676e-05
5.7166675105690956e-05
5.250005051493645e-05
4.3458305299282074e-05
5.8124889619648457e-05
5.200004670768976e-05
4.287506453692913e-05
5.620834417641163e-05
3.54166841134429e-05
5.0166621804237366e-05
4.587508738040924e-05
4.7749956138432026e-05
5.466677248477936e-05
6.029161158949137e-05
6.841670256108046e-05
4.2041647247970104e-05
4.449998959898949e-05
4.208332393318415e-05
3.8958387449383736e-05
4.108331631869078e-05
4.533340688794851e-05
4.433339927345514e-05
4.312500823289156e-05
3.124994691461325e-05
5.662499461323023e-05
7.12500186637044e-05
5.387491546571255e-05
3.58333345502615e-05
5.212496034801006e-05
4.995835479348898e-05
4.624994471669197e-05
6.062502507120371e-05
5.3750001825392246e-05
4.695833195000887e-05
3.34583455696702e-05
4.700000863522291e-05
3.391667269170284e-05
3.0499999411404133e-05
3.291666507720947e-05
3.6125071346759796e-05
4.416669253259897e-05
3.2291747629642487e-05
3.279175143688917e-05
3.004167228937149e-05
3.1208270229399204e-05
2.8958311304450035e-05
2.862501423805952e-05
3.38749960064888e-05
2.916669473052025e-05
3.120838664472103e-05
2.8249924071133137e-05
3.5458244383335114e-05
3.433332312852144e-05
3.4541706554591656e-05
3.808329347521067e-05
3.091664984822273e-05
3.19166574627161e-05
4.025001544505358e-05

(async, average, fib(5) Done in an average of 4.8394170589745046e-05 seconds.

Running BenchApp.Fibonacci:runAsync with fib(10) and 110 iteration(s).

0.00022570835426449776
0.00021104165352880955
0.00020533334463834763
0.0002402083482593298
0.0002587082562968135
0.00024687498807907104
0.00029995839577168226
0.0005668334197252989
0.00026308337692171335
0.00024112500250339508
0.00022066663950681686
0.00021395832300186157
0.00022354163229465485
0.00026816665194928646
0.00020729168318212032
0.00021654157899320126
0.000296791666187346
0.00029508338775485754
0.00017975002992898226
0.00021616672165691853
0.00015395833179354668
0.00016520835924893618
0.00019550009164959192
0.00016241660341620445
0.00016458332538604736
0.0001763750333338976
0.00018699991051107645
0.00015350000467151403
0.00014829158317297697
0.0001853749854490161
0.00014770834241062403
0.00016416667494922876
0.0001749582588672638
0.00018112501129508018
0.0001711250515654683
0.000249708304181695
0.00040129164699465036
0.000155708403326571
0.00015300000086426735
0.00012787501327693462
0.0001333332620561123
0.00015524995978921652
0.0001350833335891366
0.00014970835763961077
0.0001456249738112092
0.0001615416258573532
0.00016004161443561316
0.0001674999948590994
0.00017220829613506794
0.00036441662814468145
0.00027879164554178715
0.00013308331836014986
0.00012270838487893343
0.00011920835822820663
0.0001596666406840086
0.00013554166071116924
0.00015379174146801233
0.00036275002639740705
0.0004178333329036832
0.0003080833703279495
0.0004667916800826788
0.00042133335955441
0.00031849998049438
0.00029333331622183323
0.0002636667340993881
0.00039508333429694176
0.00031370832584798336
0.0004029999254271388
0.0003846667241305113
0.00039816671051084995
0.0003946250071749091
0.00033320835791528225
0.00043825001921504736
0.0002604583278298378
0.0003277083160355687
0.0003973332932218909
0.00027104164473712444
0.0003868750063702464
0.00029966665897518396
0.0004105416592210531
0.0002701666671782732
0.00028170831501483917
0.00039437494706362486
0.0002762499498203397
0.00022962503135204315
0.00030408333986997604
0.00021474994719028473
0.0003120000474154949
0.00028495839796960354
0.0002446665894240141
0.0002011667238548398
0.00018883333541452885
0.0002781249349936843
0.00024333340115845203
0.0002885832218453288
0.0002985417377203703
0.00028095836751163006
0.0003124999348074198
0.0002647083019837737
0.00022108328994363546
0.00022149994038045406
0.00030595832504332066
0.00027083337772637606
0.00022708333563059568
0.000262749963440001
0.00031204160768538713
0.000299708335660398
0.00025204173289239407
0.0003043333999812603
0.00029366672970354557

(async, average, fib(10) Done in an average of 0.0002521129138767719 seconds.

Running BenchApp.Fibonacci:runAsync with fib(15) and 110 iteration(s).

0.0023645416367799044
0.0023870000150054693
0.002396375057287514
0.002256416715681553
0.002224041731096804
0.002389624947682023
0.0020527082961052656
0.0022638749796897173
0.002068166621029377
0.002042958280071616
0.0018418750260025263
0.0016705417074263096
0.0023380833445116878
0.0017451666062697768
0.0018614584114402533
0.0018441249849274755
0.0020167083712294698
0.0017813750309869647
0.0014469166053459048
0.0015690000727772713
0.0016126249684020877
0.0014011249877512455
0.0013171249302104115
0.001618666690774262
0.001774333301000297
0.001471000025048852
0.001338416594080627
0.0016760416328907013
0.001426875009201467
0.0013553333701565862
0.0014338333858177066
0.001412458368577063
0.001342125004157424
0.0013985417317599058
0.0012823749566450715
0.001394958351738751
0.001421791617758572
0.0014646250056102872
0.0016351666999980807
0.0012735000345855951
0.0014873750042170286
0.0016674583312124014
0.0012442916631698608
0.0012267499696463346
0.0016133749159052968
0.001296499976888299
0.0014270000392571092
0.0015073749236762524
0.0014205833431333303
0.001297916634939611
0.0013745833421126008
0.0013643333222717047
0.001395041705109179
0.0012578333262354136
0.0015734999906271696
0.0011165833566337824
0.0013533750316128135
0.00133050000295043
0.001489124959334731
0.001271833316422999
0.0015813333448022604
0.0014757083263248205
0.0015820000553503633
0.0012678750790655613
0.0015218750340864062
0.0014569583581760526
0.0014433333417400718
0.0012636666651815176
0.0013294167583808303
0.0014583750162273645
0.0013440416660159826
0.0013192916521802545
0.001717833336442709
0.0014861667295917869
0.001151791657321155
0.0012652917066588998
0.001256708288565278
0.0011992083163931966
0.0014757500030100346
0.0012822916032746434
0.0014248333172872663
0.0012608750257641077
0.001362999901175499
0.0012474583927541971
0.0014187917113304138
0.0014983749715611339
0.0014273333363234997
0.0012202917132526636
0.0012395832454785705
0.0013598332880064845
0.0012518749572336674
0.001408749958500266
0.0011551249772310257
0.0014428750146180391
0.0012876250548288226
0.0013714166125282645
0.0012533749686554074
0.0012202082434669137
0.0015352499904111028
0.001284291734918952
0.0013039999175816774
0.0012742083054035902
0.0012757916701957583
0.0011678333394229412
0.0013379999436438084
0.001452791620977223
0.0014354167506098747
0.0012571249390020967
0.0016255832742899656
0.0013883750652894378

(async, average, fib(15) Done in an average of 0.0014295070816297084 seconds.

Running BenchApp.Fibonacci:runAsync with fib(20) and 110 iteration(s).

0.015881666680797935
0.016039291629567742
0.015312458272092044
0.015724583412520587
0.016071125050075352
0.016265041660517454
0.015100250020623207
0.014517750008963048
0.015556124970316887
0.01523229165468365
0.015596791636198759
0.015541291562840343
0.014927875017747283
0.015221458277665079
0.015119249932467937
0.014873166684992611
0.015785624971613288
0.015324249980039895
0.015153125044889748
0.015963749960064888
0.01522158330772072
0.01583441672846675
0.015203624963760376
0.016304916702210903
0.015014874981716275
0.01524429174605757
0.01469920831732452
0.014954374986700714
0.015355875017121434
0.015547083341516554
0.014689916744828224
0.014408166753128171
0.015244125039316714
0.015050708316266537
0.015908875036984682
0.01592366665136069
0.01565129158552736
0.015415541594848037
0.015575750032439828
0.01552912499755621
0.015407208353281021
0.015422458294779062
0.015388875035569072
0.015472333296202123
0.015938708325847983
0.015186708304099739
0.01583925005979836
0.015824083238840103
0.01567304157651961
0.015556666650809348
0.016581083298660815
0.015396166709251702
0.01471712498459965
0.015517625026404858
0.015711916727013886
0.015372958383522928
0.015902791754342616
0.014709166716784239
0.015276083373464644
0.014677291619591415
0.015610541682690382
0.015505083370953798
0.015731833409518003
0.015042041661217809
0.015304249944165349
0.014631083351559937
0.01627016661223024
0.014977041748352349
0.015445541590452194
0.015400166623294353
0.015674083377234638
0.01504912506788969
0.014583625015802681
0.015574541641399264
0.015536791644990444
0.015041458304040134
0.0154393749544397
0.015491291764192283
0.015237375046126544
0.015586000052280724
0.01565287495031953
0.015430708299390972
0.015386333339847624
0.015729416743852198
0.01469858328346163
0.015433416701853275
0.015974041656590998
0.015362166683189571
0.015434583299793303
0.01573695836123079
0.014776333351619542
0.015356500050984323
0.015142041724175215
0.015850250027142465
0.015085916733369231
0.015184541698545218
0.014350458281114697
0.015086916740983725
0.015260208281688392
0.01543550007045269
0.015170083264820278
0.015810916665941477
0.015493875020183623
0.014820041717030108
0.01469804160296917
0.015435250010341406
0.016032208339311182
0.015500125009566545
0.01582079171203077
0.015445958357304335

(async, average, fib(20) Done in an average of 0.0153758200048469 seconds.

Running BenchApp.Fibonacci:runAsync with fib(25) and 110 iteration(s).

0.22284520824905485
0.2223979999544099
0.22441095835529268
0.2237625833367929
0.2228922916110605
0.2236841666745022
0.22411416668910533
0.2215824166778475
0.22536987497005612
0.2224120416212827
0.223056708346121
0.22370458336081356
0.22321483329869807
0.22469316667411476
0.22345170832704753
0.22496099991258234
0.22426766669377685
0.22372962499503046
0.22227408329490572
0.22032291674986482
0.22576391662005335
0.22304183326195925
0.22028574999421835
0.2194039166206494
0.22449987509753555
0.2244764999486506
0.22285149991512299
0.2237087917746976
0.22250983328558505
0.22419995837844908
0.2216125000268221
0.22285787505097687
0.22481545829214156
0.22526966664008796
0.22163391660433263
0.2231504584196955
0.22398804174736142
0.22284649999346584
0.22462458338122815
0.2257407499710098
0.22299799998290837
0.22498225001618266
0.22302058339118958
0.22157945833168924
0.2252704167040065
0.22305916668847203
0.2226319166366011
0.22454187495168298
0.221547375083901
0.22380320832598954
0.22342408332042396
0.2239424999570474
0.22333633340895176
0.22399154165759683
0.22392008337192237
0.2220074583310634
0.2244623750448227
0.22096145839896053
0.22228912496939301
0.22259579168166965
0.22367762494832277
0.2228894584113732
0.22454058332368731
0.22456374997273088
0.22116566670592874
0.22403174999635667
0.22415525000542402
0.224353791680187
0.22789141663815826
0.22806925000622869
0.2263381666271016
0.2228884999640286
0.22458383324556053
0.22638562496285886
0.225170791731216
0.22608041670173407
0.22449299995787442
0.22675854165572673
0.2263874167110771
0.22647945827338845
0.2258098750608042
0.2267395833041519
0.2290109166642651
0.22576970839872956
0.22414370835758746
0.22599962505046278
0.22850012499839067
0.22814204171299934
0.2273201666539535
0.22822316666133702
0.22778650000691414
0.22701729170512408
0.22821020823903382
0.22961525002028793
0.23210316663607955
0.23053233337122947
0.22997837502043694
0.22787662502378225
0.22768516663927585
0.23059599997941405
0.22961162496358156
0.22775508335325867
0.22890345833729953
0.2288170417305082
0.227060875040479
0.23100670834537596
0.22887558338698
0.22977408324368298
0.23109012504573911
0.2298395000398159

(async, average, fib(25) Done in an average of 0.22520021125441417 seconds.

Benchmark done
