Pressed 'Run benchmark'
About to run 'Swift concurrency'-version of Fibonacci with batch mode: true
Running BenchApp.Fibonacci:runAsync with fib(5) and 110 iteration(s).

0.0001506666885688901
0.00010383338667452335
6.862496957182884e-05
6.195844616740942e-05
5.904166027903557e-05
7.42500415071845e-05
4.7874986194074154e-05
6.1541679315269e-05
5.44167123734951e-05
5.633337423205376e-05
6.479164585471153e-05
8.854165207594633e-05
7.558334618806839e-05
7.325003389269114e-05
6.166670937091112e-05
7.433327846229076e-05
5.208328366279602e-05
7.949990686029196e-05
6.770831532776356e-05
6.92916801199317e-05
7.795833516865969e-05
6.645836401730776e-05
5.4958276450634e-05
6.808328907936811e-05
6.88750296831131e-05
9.791669435799122e-05
7.541663944721222e-05
5.425000563263893e-05
7.116666529327631e-05
7.38333910703659e-05
7.145828567445278e-05
8.099991828203201e-05
6.125005893409252e-05
5.3999945521354675e-05
6.441667210310698e-05
9.445834439247847e-05
8.004170376807451e-05
7.429160177707672e-05
6.720831152051687e-05
7.691665086895227e-05
7.070833817124367e-05
4.7291629016399384e-05
5.45416260138154e-05
6.129161920398474e-05
5.84583031013608e-05
7.974996697157621e-05
7.524993270635605e-05
5.6875054724514484e-05
9.929167572408915e-05
6.945827044546604e-05
9.35832504183054e-05
6.366660818457603e-05
5.308340769261122e-05
5.854165647178888e-05
5.366664845496416e-05
6.108335219323635e-05
6.533332634717226e-05
5.666667129844427e-05
4.741665907204151e-05
8.87083588168025e-05
5.291658453643322e-05
6.824999582022429e-05
4.600000102072954e-05
6.562494672834873e-05
3.629166167229414e-05
4.3458305299282074e-05
5.045824218541384e-05
6.916665006428957e-05
4.920829087495804e-05
4.741665907204151e-05
6.941671017557383e-05
5.3999945521354675e-05
3.7208315916359425e-05
6.737501826137304e-05
4.087504930794239e-05
4.1624996811151505e-05
6.587500683963299e-05
3.7624966353178024e-05
4.5791734009981155e-05
3.908330108970404e-05
4.370836541056633e-05
5.908333696424961e-05
4.2041647247970104e-05
4.3916632421314716e-05
3.883335739374161e-05
3.670831210911274e-05
4.4208369217813015e-05
3.600004129111767e-05
4.5458320528268814e-05
4.9583264626562595e-05
0.00014333322178572416
0.00011066673323512077
4.516670014709234e-05
4.0624989196658134e-05
3.699993249028921e-05
3.4958356991410255e-05
6.42499653622508e-05
4.4208369217813015e-05
4.900002386420965e-05
6.045831833034754e-05
4.2791711166501045e-05
5.7750032283365726e-05
3.9624981582164764e-05
5.6999968364834785e-05
5.6124990805983543e-05
5.479168612509966e-05
5.0708302296698093e-05
4.612491466104984e-05
4.758336581289768e-05
3.729166928678751e-05

(async, average, fib(5) Done in an average of 6.042040651664138e-05 seconds.

Running BenchApp.Fibonacci:runAsync with fib(10) and 110 iteration(s).

0.00048287492245435715
0.00032412505242973566
0.00034641672391444445
0.0003005834296345711
0.00031812500674277544
0.0003327500307932496
0.0003107499796897173
0.00020629167556762695
0.0002094167284667492
0.00020587502513080835
0.00019112508744001389
0.0001865000231191516
0.00019070832058787346
0.0001915832981467247
0.00020937505178153515
0.00020949996542185545
0.00022445828653872013
0.00019291660282760859
0.0003012500237673521
0.00046241655945777893
0.00018995837308466434
0.00018075003754347563
0.00018679164350032806
0.0002530834171921015
0.00017633335664868355
0.00017145834863185883
0.00014862511307001114
0.00018179172184318304
0.000183041556738317
0.00020987493917346
0.00017733336426317692
0.00018225004896521568
0.00016437494195997715
0.00015658338088542223
0.0003841667203232646
0.00046779168769717216
0.0003499999875202775
0.0004773333203047514
0.0003587499959394336
0.00033808336593210697
0.0004995416384190321
0.0003331666812300682
0.0005037082592025399
0.000317041645757854
0.000510416692122817
0.0003454582765698433
0.0004551250021904707
0.0003260417142882943
0.00030375004280358553
0.0005199583247303963
0.0003185833338648081
0.00033866672310978174
0.00046341668348759413
0.0002925833687186241
0.00028525001835078
0.0004495417233556509
0.0003447083290666342
0.0005840000230818987
0.0003220000071451068
0.0005027500446885824
0.0003216667100787163
0.0003579583717510104
0.00046262505929917097
0.000291833421215415
0.00031008338555693626
0.0003879166906699538
0.0002539167180657387
0.00036049995105713606
0.00027054164092987776
0.00037233333569020033
0.0002955417148768902
0.0003754999488592148
0.0003749583847820759
0.0004308749921619892
0.00033054163213819265
0.0003683749819174409
0.00029379164334386587
0.00038320838939398527
0.0002690416295081377
0.00029499991796910763
0.00034570833668112755
0.00032599992118775845
0.00030204164795577526
0.00037304172292351723
0.0003782917046919465
0.00031616666819900274
0.0002642916515469551
0.00038358336314558983
0.0002952499780803919
0.00040437502320855856
0.0002737916074693203
0.00038487499114125967
0.0003532916307449341
0.0002790832659229636
0.00042008329182863235
0.0003864583559334278
0.0002817499917000532
0.0002712917048484087
0.00032104167621582747
0.0002494166838005185
0.00031566666439175606
0.00032549991738051176
0.00031883339397609234
0.00030945835169404745
0.00026174995582550764
0.00030616670846939087
0.00031712499912828207
0.00023762497585266829
0.00031720823608338833
0.00028758333064615726

(async, average, fib(10) Done in an average of 0.0003172687534242868 seconds.

Running BenchApp.Fibonacci:runAsync with fib(15) and 110 iteration(s).

0.0028063333593308926
0.002835500054061413
0.0025284166913479567
0.002455000067129731
0.0024565833155065775
0.0022845417261123657
0.0023929167073220015
0.002780541661195457
0.002063749940134585
0.0020033334149047732
0.002131916582584381
0.002034249948337674
0.002388166729360819
0.001544833299703896
0.0016349166398867965
0.0018995000282302499
0.0015648750122636557
0.0016001666663214564
0.002008749986998737
0.0014789584092795849
0.0018355415668338537
0.0015023750020191073
0.0015025415923446417
0.0017549582989886403
0.0015900833532214165
0.001762666623108089
0.0015415833331644535
0.0018274583853781223
0.0018995000282302499
0.0016595834167674184
0.0015842083375900984
0.0015160832554101944
0.002024666639044881
0.0015907082706689835
0.0014557500835508108
0.0018739582737907767
0.0015587500529363751
0.0016747500048950315
0.001931999926455319
0.0015530000673606992
0.00129725004080683
0.0013194166822358966
0.0013317500706762075
0.0013939999043941498
0.0014258750015869737
0.0014951250050216913
0.0015082916943356395
0.0018660000059753656
0.0016853749984875321
0.001424000016413629
0.0015887083718553185
0.0015126249054446816
0.0015587499365210533
0.0015945832710713148
0.0015770833706483245
0.0015988333616405725
0.0014872082974761724
0.0015967084327712655
0.0017181666335090995
0.0017502083210274577
0.0015302500687539577
0.0015465000178664923
0.0016354583203792572
0.0016717499820515513
0.0014767083339393139
0.0019389166263863444
0.001538958284072578
0.0015074166003614664
0.0018558333395048976
0.001510791713371873
0.0018270000582560897
0.0016575832851231098
0.0017638333374634385
0.0014705000212416053
0.0016521667130291462
0.0015119167510420084
0.0018334999913349748
0.0017548332689329982
0.0017300000181421638
0.0014791249996051192
0.0016825416823849082
0.0017659167060628533
0.0015785417053848505
0.001634583342820406
0.0015824167057871819
0.001618666690774262
0.0015176250599324703
0.0020112500060349703
0.0015806667506694794
0.0015754583291709423
0.0015423332806676626
0.0014837916241958737
0.0014910416211932898
0.0017978750402107835
0.0017465000273659825
0.001564375008456409
0.0015364582650363445
0.002006125054322183
0.0015286667039617896
0.0017231249948963523
0.0014976250240579247
0.0016496250173076987
0.0017986666643992066
0.0015455415705218911
0.0015705833211541176
0.0015749583253636956
0.0015554999699816108
0.0015993749257177114
0.0015602499479427934
0.001497916760854423

(async, average, fib(15) Done in an average of 0.0016436749999411404 seconds.

Running BenchApp.Fibonacci:runAsync with fib(20) and 110 iteration(s).

0.022432749974541366
0.02076708327513188
0.019312000018544495
0.020906291669234633
0.020784416585229337
0.019106666673906147
0.02135924994945526
0.019255499937571585
0.020480333361774683
0.019598666694946587
0.020662124967202544
0.020038624992594123
0.02009395824279636
0.02018012502230704
0.02026999997906387
0.021711791749112308
0.020298916730098426
0.02068245830014348
0.020144250011071563
0.01977854163851589
0.02090420830063522
0.020436583319678903
0.020648708334192634
0.019023750093765557
0.019508875091560185
0.019702875055372715
0.020096333348192275
0.02076791657600552
0.02105199999641627
0.020174750010482967
0.020372041733935475
0.020459874998778105
0.020584833342581987
0.019971333327703178
0.02161950001027435
0.019960458273999393
0.021534833242185414
0.021138791693374515
0.02158229169435799
0.02070420829113573
0.02007470838725567
0.020421291701495647
0.01969254168216139
0.01919849996920675
0.01982283336110413
0.020745791727676988
0.02091216668486595
0.019684833358041942
0.021912833326496184
0.019882958382368088
0.02070058335084468
0.019535499974153936
0.019433416659012437
0.020140958367846906
0.01933512499090284
0.02008837496396154
0.020780500024557114
0.019428791711106896
0.019721416640095413
0.020417500054463744
0.02008320833556354
0.021092374925501645
0.021099125035107136
0.02138283336535096
0.02162733336444944
0.020878958282992244
0.01982270833104849
0.020088333287276328
0.02099066658411175
0.02125583332963288
0.020633458392694592
0.02030979166738689
0.019686999963596463
0.021737833390943706
0.020678875036537647
0.02036470838356763
0.020757583319209516
0.02098724991083145
0.019799291621893644
0.02052279165945947
0.021386833395808935
0.02063891664147377
0.01983041677158326
0.02086862490978092
0.0201741250930354
0.019944791682064533
0.021027166745625436
0.02073466673027724
0.01957533333916217
0.019529375014826655
0.0198169166687876
0.019801958231255412
0.018693874939344823
0.019022583379410207
0.02183783333748579
0.02112983330152929
0.020448750001378357
0.0201889582676813
0.019629666581749916
0.021006499999202788
0.020124083384871483
0.02005725004710257
0.01929641666356474
0.020430249976925552
0.020122208283282816
0.020866625010967255
0.021251583355478942
0.021034458302892745
0.01960791670717299
0.021134958369657397

(async, average, fib(20) Done in an average of 0.02039048417005688 seconds.

Running BenchApp.Fibonacci:runAsync with fib(25) and 110 iteration(s).

0.34932120831217617
0.3121283333748579
0.306050083367154
0.30991304165218025
0.29951229167636484
0.30019562505185604
0.3042607916286215
0.31495137501042336
0.30773733323439956
0.3078323333756998
0.3103971249656752
0.30449887504801154
0.3102705415803939
0.30677304160781205
0.30435237498022616
0.30281445826403797
0.308269708417356
0.3117443333612755
0.3086797082796693
0.30849933333229274
0.30764404172077775
0.30660966667346656
0.3077332916436717
0.3102207499323413
0.3090647916542366
0.30728608334902674
0.3097385832807049
0.3086813749978319
0.31319479166995734
0.30619762500282377
0.31043537496589124
0.3114284999901429
0.31053779157809913
0.30912512505892664
0.30524975003208965
0.3095076250610873
0.3064519583713263
0.30542612506542355
0.3098744999151677
0.3094390833284706
0.30406049999874085
0.3059299166779965
0.31166062504053116
0.31396487506572157
0.30869808327406645
0.3088142917258665
0.3057705833343789
0.31077112490311265
0.3085332083282992
0.3124547916231677
0.30783629161305726
0.30716941668652
0.30893508333247155
0.306080958340317
0.3068981666583568
0.310440625064075
0.31207883334718645
0.30958870833273977
0.3095593333709985
0.30770879168994725
0.30793487501796335
0.3099064166890457
0.3107487083179876
0.304225750034675
0.3040968750137836
0.3096813332522288
0.3092685000738129
0.31114129163324833
0.30508845834992826
0.3089606666471809
0.3058537499746308
0.30909708340186626
0.31333945831283927
0.30932220828253776
0.3077213333453983
0.3073000416625291
0.3089632500195876
0.3114659582497552
0.31002533331047744
0.31373741675633937
0.3089722916483879
0.31364383338950574
0.3094497083220631
0.3080298333661631
0.30778554163407534
0.31013812497258186
0.30784066661726683
0.31027437502052635
0.309470041655004
0.31106874998658895
0.31065775000024587
0.31228920829016715
0.3100382083794102
0.30844349996186793
0.3136882083490491
0.31073783326428384
0.30971941666211933
0.31343729165382683
0.31046416668687016
0.3178266667528078
0.3136433750623837
0.3115377916255966
0.31426458328496665
0.3123574999626726
0.3142732499400154
0.31180783337913454
0.31508249999023974
0.3112110833171755
0.313908249954693
0.3135636249789968

(async, average, fib(25) Done in an average of 0.30950604457990266 seconds.

Benchmark done
