Pressed 'Run benchmark'
About to run 'GCD'-version of Fibonacci with batch mode: true
Running BenchApp.Fibonacci:runGCD with fib(5) and 110 iteration(s).

0.00024645833764225245
0.00022312509827315807
8.60416330397129e-05
9.30416863411665e-05
0.000134666683152318
8.066673763096333e-05
0.00011929171159863472
0.00012662506196647882
9.533332195132971e-05
0.00010175001807510853
0.00011154159437865019
0.00010879163164645433
0.00011887506116181612
9.23332991078496e-05
8.441659156233072e-05
6.866664625704288e-05
0.00011187500786036253
9.350001346319914e-05
7.112498860806227e-05
9.991659317165613e-05
7.650000043213367e-05
8.354161400347948e-05
0.00010229169856756926
6.783334538340569e-05
6.954162381589413e-05
8.895830251276493e-05
9.520829189568758e-05
8.854165207594633e-05
7.841666229069233e-05
7.316668052226305e-05
7.366668432950974e-05
8.308328688144684e-05
9.400001727044582e-05
7.683329749852419e-05
8.608330972492695e-05
6.612506695091724e-05
0.00010349997319281101
7.63332936912775e-05
0.00011170830111950636
6.716675125062466e-05
8.30416101962328e-05
7.783330511301756e-05
5.662499461323023e-05
5.720823537558317e-05
7.512501906603575e-05
8.029164746403694e-05
5.404162220656872e-05
6.658339407294989e-05
7.412501145154238e-05
5.024997517466545e-05
7.820827886462212e-05
7.254164665937424e-05
5.158339627087116e-05
8.074997458606958e-05
6.245833355933428e-05
5.7583325542509556e-05
5.695829167962074e-05
5.591660737991333e-05
5.224999040365219e-05
6.170826964080334e-05
5.420832894742489e-05
6.0125021263957024e-05
6.241665687412024e-05
6.241665687412024e-05
5.6875054724514484e-05
6.17500627413392e-05
4.941667430102825e-05
5.366664845496416e-05
8.591660298407078e-05
4.858337342739105e-05
5.891663022339344e-05
7.933331653475761e-05
0.0001517083728685975
4.862493369728327e-05
4.62500611320138e-05
5.4583302699029446e-05
7.112498860806227e-05
6.483332253992558e-05
5.5875047110021114e-05
6.912497337907553e-05
6.150000263005495e-05
6.170838605612516e-05
7.391674444079399e-05
6.220827344805002e-05
5.63750509172678e-05
6.224995013326406e-05
5.4625095799565315e-05
5.166663322597742e-05
6.11250288784504e-05
5.866668652743101e-05
5.737505853176117e-05
6.291666068136692e-05
6.145832594484091e-05
9.570829570293427e-05
4.941667430102825e-05
5.437491927295923e-05
5.5750017054378986e-05
6.583333015441895e-05
6.37084012851119e-05
7.741665467619896e-05
5.874992348253727e-05
9.324995335191488e-05
0.00012383342254906893
5.533325020223856e-05
6.912508979439735e-05
6.245833355933428e-05
6.150000263005495e-05
4.875008016824722e-05
5.541671998798847e-05
4.458334296941757e-05

(GCD, average, fib(5)) Done in an average of 7.145374547690153e-05 seconds.

Running BenchApp.Fibonacci:runGCD with fib(10) and 110 iteration(s).

0.0004124999977648258
0.0003878750139847398
0.0004069166025146842
0.0003867499763146043
0.0003672499442473054
0.000398208387196064
0.00039229169487953186
0.0003900832962244749
0.00034579169005155563
0.00031558331102132797
0.00030783331021666527
0.00031066674273461103
0.00032879167702049017
0.0002952499780803919
0.0006013333331793547
0.0005477500380948186
0.0005420416127890348
0.000532083329744637
0.000542208319529891
0.0005341666983440518
0.0005448333686217666
0.0005097916582599282
0.0005287915701046586
0.0005264165811240673
0.0005297082243487239
0.0005250415997579694
0.0005312083521857858
0.0005234583513811231
0.0005352499429136515
0.0005348334088921547
0.0005302916979417205
0.0005194999976083636
0.0005170416552573442
0.0005249166861176491
0.0005172500386834145
0.00033808336593210697
0.0003400000277906656
0.0003313332563266158
0.0003398749977350235
0.00033674994483590126
0.00033270835410803556
0.00032145832665264606
0.00032887503039091825
0.0003203749656677246
0.00033762503881007433
0.00032237498089671135
0.0003270417219027877
0.00032049999572336674
0.0003361667040735483
0.0003335833316668868
0.0003365416778251529
0.000337291625328362
0.000323625048622489
0.00032887503039091825
0.00032970833126455545
0.0003412917722016573
0.0003421666333451867
0.0003302500117570162
0.0003314167261123657
0.00032133329659700394
0.00034179165959358215
0.0003230415750294924
0.0003365416778251529
0.0003285000566393137
0.00034074997529387474
0.0003285416169092059
0.0003228334244340658
0.0003350416664034128
0.0003110832767561078
0.0002553750528022647
0.0002418749500066042
0.00026216672267764807
0.0002527916803956032
0.0002459166571497917
0.0002490000333636999
0.0002538333646953106
0.00025233335327357054
0.0002487916499376297
0.00026216672267764807
0.00024229171685874462
0.00025949999690055847
0.0002469166647642851
0.0002514999359846115
0.0002542500151321292
0.0002523332368582487
0.00024283328093588352
0.0002538749249652028
0.0002572500379756093
0.0002668333472684026
0.0002634583506733179
0.0002529582707211375
0.0002463333075866103
0.00023779168259352446
0.00025174999609589577
0.0002505416050553322
0.0002589999930933118
0.0002695416333153844
0.0002587917260825634
0.0002455832436680794
0.00025162496604025364
0.00024633342400193214
0.00026629166677594185
0.000255499966442585
0.0002500416012480855
0.00024274992756545544
0.00024075002875179052
0.0002450833562761545
0.0002462916309013963
0.00025162508245557547
0.0002546666655689478

(GCD, average, fib(10)) Done in an average of 0.0003403637476731092 seconds.

Running BenchApp.Fibonacci:runGCD with fib(15) and 110 iteration(s).

0.0028342916630208492
0.0022872916888445616
0.0023125833831727505
0.002298541716299951
0.0023177083348855376
0.002053791657090187
0.001957458327524364
0.0019663332495838404
0.001996708335354924
0.0018424582667648792
0.001782999956049025
0.0017671666573733091
0.0017804167000576854
0.0017479166854172945
0.0015765000134706497
0.0015608749818056822
0.001590500003658235
0.0016987917479127645
0.0017946666339412332
0.0016434165881946683
0.0014447916764765978
0.0014715000288560987
0.0014497083611786366
0.0014405000256374478
0.0014597084373235703
0.0014519583201035857
0.001439166720956564
0.0014559583505615592
0.001434125006198883
0.0014348332770168781
0.0014589166967198253
0.001456583384424448
0.0014491666806861758
0.0014465834246948361
0.0014425417175516486
0.0014562917640432715
0.0014392082812264562
0.0014445417327806354
0.0014622083399444818
0.0014227917417883873
0.0014582499861717224
0.001444249995984137
0.0014548333128914237
0.0014183749444782734
0.0014717916492372751
0.0014703333145007491
0.001454333309084177
0.001429666648618877
0.0014220000011846423
0.0014429582515731454
0.0014446666464209557
0.0014403333188965917
0.001421833410859108
0.0014403749955818057
0.0014474167255684733
0.0014350416604429483
0.001444249995984137
0.0014238333096727729
0.0014597916742786765
0.0014737083110958338
0.0014464166015386581
0.0014343749498948455
0.0014439583756029606
0.0014183332677930593
0.001462958287447691
0.0014401667285710573
0.0014895417261868715
0.0014698749873787165
0.0014624166069552302
0.0014404583489522338
0.0014202083693817258
0.0014451666502282023
0.0014489999739453197
0.0014290832914412022
0.0014502083649858832
0.0014377916231751442
0.0014349583070725203
0.0014496250078082085
0.001458749989978969
0.0014245416969060898
0.0014424166874960065
0.0014410833828151226
0.0014212500536814332
0.0014515833463519812
0.0014226249186322093
0.0014353333972394466
0.0014401249354705215
0.0014329582918435335
0.0014459583908319473
0.001445666654035449
0.0014367083786055446
0.0014345833333209157
0.0014377499464899302
0.0014658333966508508
0.001460833358578384
0.001423291745595634
0.0014504999853670597
0.0014258333249017596
0.0014362083747982979
0.001446291571483016
0.0014418750070035458
0.001411666627973318
0.0014150417409837246
0.0014542083954438567
0.0014256666181609035
0.0013974582543596625
0.0014310416299849749
0.0014642083551734686
0.0014237916329875588
0.0013998333597555757

(GCD, average, fib(15)) Done in an average of 0.0014677183364983648 seconds.

Running BenchApp.Fibonacci:runGCD with fib(20) and 110 iteration(s).

0.0157205417053774
0.015726374927908182
0.015710916719399393
0.015836708364076912
0.01580066664610058
0.015832458389922976
0.015667833271436393
0.015918166609480977
0.015957374940626323
0.015843916684389114
0.015807291609235108
0.01580258330795914
0.015701583353802562
0.01585987489670515
0.015781833324581385
0.015914458315819502
0.015904083382338285
0.01585329172667116
0.0159568750532344
0.015875375014729798
0.015853333403356373
0.015790874953381717
0.015850750030949712
0.015873416676186025
0.01615058328025043
0.01578875002451241
0.015830833348445594
0.015807249932549894
0.015846166643314064
0.015738041722215712
0.015688458341173828
0.0159606667002663
0.015769166639074683
0.01579508336726576
0.0157116666669026
0.01579691667575389
0.01579079160001129
0.015830083400942385
0.015724458382464945
0.015710624982602894
0.01590812497306615
0.015794375096447766
0.015836458303965628
0.015881583327427506
0.01581587502732873
0.01579283329192549
0.015811249963007867
0.01581662509124726
0.015716708381660283
0.01585404167417437
0.01566487504169345
0.015792125021107495
0.015556666650809348
0.0158579166745767
0.015694416593760252
0.015856916666962206
0.015766958240419626
0.0158226250205189
0.01573920832015574
0.01569416676647961
0.015752125065773726
0.015743416734039783
0.015810916665941477
0.01573287497740239
0.015957791591063142
0.015758374938741326
0.0158031249884516
0.01582650002092123
0.015693666646257043
0.015606291708536446
0.01563999999780208
0.015706000034697354
0.01578854164108634
0.01571283338125795
0.015742708346806467
0.015754500054754317
0.01579979166854173
0.015726624988019466
0.015704000019468367
0.015789458411745727
0.01578799996059388
0.0158000000519678
0.015830000047571957
0.015777750057168305
0.015733791748061776
0.015740833361633122
0.01579241664148867
0.015730291604995728
0.016008416656404734
0.015695166657678783
0.015725208329968154
0.01568312500603497
0.015821083332411945
0.015726083307527006
0.015737583278678358
0.015734333312138915
0.015811333432793617
0.015689208288677037
0.015721000032499433
0.01572654163464904
0.01574466668535024
0.015708708320744336
0.015716083231382072
0.01577437506057322
0.015674291760660708
0.015694874920882285
0.015849916613660753
0.015697666676715016
0.01576612493954599
0.015875333338044584

(GCD, average, fib(20)) Done in an average of 0.015782626670552417 seconds.

Running BenchApp.Fibonacci:runGCD with fib(25) and 110 iteration(s).

0.18133979162666947
0.17841858335305005
0.17839700006879866
0.17878691665828228
0.1775781667092815
0.18031379161402583
0.1792113750707358
0.179437083308585
0.1761762083042413
0.1801330833695829
0.17920766666065902
0.17849358334206045
0.1788557916879654
0.17687370826024562
0.17927004175726324
0.17794570827390999
0.17928241670597345
0.17947095830459148
0.18005395832005888
0.18006233335472643
0.17952541657723486
0.18090399994980544
0.1797357083996758
0.18065808329265565
0.17965025000739843
0.18061654164921492
0.1795350833563134
0.17720425000879914
0.17854220839217305
0.18050808331463486
0.18088025005999953
0.18064741673879325
0.1802088333060965
0.1802362916059792
0.1789801666745916
0.1810152082471177
0.1798313333420083
0.18167499999981374
0.17945133335888386
0.17886774998623878
0.18223708332516253
0.17870866670273244
0.17999320838134736
0.18152987502980977
0.1809010833967477
0.1763067083666101
0.17870187503285706
0.18024383333977312
0.18166512495372444
0.18023974995594472
0.18023637495934963
0.18122970825061202
0.1789853333029896
0.18001775001175702
0.1816440833499655
0.18043425003997982
0.18058745842427015
0.18061054160352796
0.1809620417188853
0.17981674999464303
0.1813432084163651
0.1784670000197366
0.18227350001689047
0.17929408326745033
0.18144683341961354
0.18262083339504898
0.17958554171491414
0.18047045834828168
0.1816879166290164
0.18060116656124592
0.18123654159717262
0.1757168750045821
0.18114862497895956
0.18242208333685994
0.17958970833569765
0.17947862506844103
0.18186083331238478
0.18154495838098228
0.1783522916957736
0.18151995830703527
0.18134737492073327
0.1803007082780823
0.18031608336605132
0.18145554163493216
0.18150579161010683
0.17950183327775449
0.1805016667349264
0.18092016666196287
0.18261499993968755
0.17988045827951282
0.18140691670123488
0.1780104583594948
0.18225220823660493
0.18076075008139014
0.17916937498375773
0.1798094166442752
0.18268049997277558
0.18064412497915328
0.18325720832217485
0.17931254173163325
0.17915870831348002
0.1790787916397676
0.17781562497839332
0.18109816662035882
0.1814984583761543
0.18151712499093264
0.18195870833005756
0.17893783329054713
0.18060162500478327
0.18228758336044848

(GCD, average, fib(25)) Done in an average of 0.1802350266650319 seconds.

Benchmark done
