Pressed 'Run benchmark'
About to run 'Swift concurrency'-version of Fibonacci with batch mode: true
Running BenchApp.Fibonacci:runAsync with fib(5) and 110 iteration(s).

0.00012329162564128637
8.29166965559125e-05
7.708335760980844e-05
0.00015199999324977398
3.683334216475487e-05
4.454166628420353e-05
0.00014224997721612453
5.683337803930044e-05
5.116674583405256e-05
4.9458350986242294e-05
7.616670336574316e-05
4.420825280249119e-05
4.549999721348286e-05
5.295837763696909e-05
4.67916252091527e-05
4.820828326046467e-05
3.9541744627058506e-05
6.308336742222309e-05
8.658331353217363e-05
4.7791749238967896e-05
5.9416634030640125e-05
5.908333696424961e-05
4.2333267629146576e-05
4.9166614189743996e-05
4.6333298087120056e-05
7.937499321997166e-05
5.56666636839509e-05
4.575005732476711e-05
6.174994632601738e-05
6.479164585471153e-05
4.975008778274059e-05
5.6416611187160015e-05
7.616658695042133e-05
4.7041685320436954e-05
4.924996756017208e-05
5.512498319149017e-05
7.295841351151466e-05
4.412501584738493e-05
4.7874986194074154e-05
4.412501584738493e-05
6.816675886511803e-05
3.670831210911274e-05
5.829159636050463e-05
4.5625027269124985e-05
9.212503209710121e-05
5.849997978657484e-05
4.7625042498111725e-05
3.1208270229399204e-05
5.108339246362448e-05
5.708332173526287e-05
6.474996916949749e-05
5.595828406512737e-05
4.516670014709234e-05
4.67916252091527e-05
4.63749747723341e-05
4.1916617192327976e-05
4.508334677666426e-05
5.53749268874526e-05
4.2041647247970104e-05
4.133337642997503e-05
7.650000043213367e-05
8.158327545970678e-05
5.0041708163917065e-05
6.016658153384924e-05
7.09582818672061e-05
7.308332715183496e-05
4.170835018157959e-05
4.1874940507113934e-05
4.045839887112379e-05
4.2541767470538616e-05
4.075001925230026e-05
4.1499966755509377e-05
3.987504169344902e-05
4.145840648561716e-05
3.999995533376932e-05
5.954166408628225e-05
4.312500823289156e-05
6.037496495991945e-05
6.724998820573092e-05
3.9083417505025864e-05
4.5916647650301456e-05
4.112499300390482e-05
3.9874925278127193e-05
4.800001624971628e-05
4.3625012040138245e-05
4.258332774043083e-05
4.166667349636555e-05
5.3875031881034374e-05
4.1541759856045246e-05
4.5583234168589115e-05
4.6625034883618355e-05
4.483328666538e-05
6.312492769211531e-05
4.0624989196658134e-05
4.533340688794851e-05
4.324992187321186e-05
3.1041563488543034e-05
4.30417712777853e-05
3.250001464039087e-05
4.370836541056633e-05
2.8749927878379822e-05
3.4958356991410255e-05
4.3208361603319645e-05
3.241666126996279e-05
3.2208277843892574e-05
5.6291697546839714e-05
2.9916642233729362e-05
3.800005652010441e-05
3.22083942592144e-05
2.445827703922987e-05

(async, average, fib(5) Done in an average of 4.970708047039807e-05 seconds.

Running BenchApp.Fibonacci:runAsync with fib(10) and 110 iteration(s).

0.0002721250057220459
0.0005217917496338487
0.00019875005818903446
0.00021537498105317354
0.00018800003454089165
0.00023029162548482418
0.0003074582200497389
0.0002640833845362067
0.0003102499758824706
0.00022387492936104536
0.00022479170002043247
0.00020545837469398975
0.00030141661409288645
0.00018854159861803055
0.00025016674771904945
0.00022149994038045406
0.00020708341617137194
0.0002519999397918582
0.0003335833316668868
0.0001581249525770545
0.0001432084245607257
0.00014858331996947527
0.000162958400323987
0.00014916667714715004
0.00017645827028900385
0.000175166642293334
0.00014949997421354055
0.000149125000461936
0.00016445829533040524
0.00017224997282028198
0.00016295828390866518
0.0001517917262390256
0.00015091663226485252
0.00015179160982370377
0.00018783332780003548
0.00017695827409625053
0.00018812494818121195
0.00016033323481678963
0.00020258338190615177
0.00014445825945585966
0.00018462503794580698
0.00042779173236340284
0.00019183335825800896
0.0002484999131411314
0.00017683336045593023
0.0002172082895413041
0.0002292916178703308
0.00020495837088674307
0.00020020827651023865
0.00016016664449125528
0.00017229164950549603
0.00016491662245243788
0.00019275001250207424
0.00013429170940071344
0.00014329166151583195
0.00013441662304103374
0.0001735000405460596
0.00012695835903286934
0.0001519166398793459
0.00017491669859737158
0.00025854166597127914
0.0003939584130421281
0.0004031667485833168
0.00031712499912828207
0.000282999943010509
0.00040158338379114866
0.00040058325976133347
0.00028229167219251394
0.00039820827078074217
0.00028366665355861187
0.00038362503983080387
0.00025233335327357054
0.00044291664380580187
0.0002641667379066348
0.0003963334020227194
0.00028129166457802057
0.00038704159669578075
0.0002822499955072999
0.000404000049456954
0.00037174997851252556
0.00040466664358973503
0.00025975005701184273
0.0003825416788458824
0.0003979166503995657
0.0002612082753330469
0.0003076250432059169
0.00030479172710329294
0.0004069166025146842
0.00026341667398810387
0.0002967083128169179
0.000251166638918221
0.00019908335525542498
0.00029541668482124805
0.00031337502878159285
0.00030783331021666527
0.0002960833953693509
0.00029770832043141127
0.0003015833208337426
0.000257750041782856
0.0002850416349247098
0.0003299582749605179
0.0002983750309795141
0.00026483333203941584
0.00022962503135204315
0.0002918333048000932
0.00031599996145814657
0.00022879173047840595
0.00026208336930722
0.0002954583615064621
0.0002800833899527788

(async, average, fib(10) Done in an average of 0.0002519741654396057 seconds.

Running BenchApp.Fibonacci:runAsync with fib(15) and 110 iteration(s).

0.0022764583118259907
0.002169624902307987
0.0028721666894853115
0.0020288332598283887
0.0022655833745375276
0.0026470416923984885
0.0019962500082328916
0.0019837083527818322
0.0020330833503976464
0.0019687499152496457
0.0017692915862426162
0.0019008750095963478
0.0018319167429581285
0.0018915000837296247
0.0017489166930317879
0.0014676667051389813
0.001610749983228743
0.0016768750501796603
0.001825791667215526
0.001410916680470109
0.0017963333521038294
0.001420333399437368
0.0015098750591278076
0.0016597916837781668
0.0011471249163150787
0.0012382499407976866
0.0014337915927171707
0.0013108332641422749
0.0013735833344981074
0.001162583357654512
0.001517374999821186
0.0011091666528955102
0.0012557499576359987
0.0012575832661241293
0.001285750069655478
0.0013792916433885694
0.0012326249852776527
0.001468749949708581
0.0012930416269227862
0.0013905416708439589
0.00130883336532861
0.001529499888420105
0.0012735833879560232
0.0013902917271479964
0.001372625003568828
0.0014176249969750643
0.0014541667187586427
0.0013779167784377933
0.0015973750269040465
0.001321875024586916
0.0017002500826492906
0.0013468333054333925
0.0013352499809116125
0.001437708386220038
0.0016955833416432142
0.00131312501616776
0.0015067083295434713
0.001343625015579164
0.0013976249611005187
0.0016015833243727684
0.0015777917578816414
0.0013447917299345136
0.0012133748969063163
0.001277791685424745
0.0015568332746624947
0.001363083254545927
0.001260999939404428
0.0012398749822750688
0.0011352916480973363
0.0014920416288077831
0.001254500006325543
0.001511541660875082
0.0014014167245477438
0.001233499962836504
0.0013818333391100168
0.0013858332531526685
0.0015541249886155128
0.0012958332663401961
0.0012402916327118874
0.0012098749866709113
0.001356583321467042
0.001499291742220521
0.0013033750001341105
0.001353791682049632
0.0013869167305529118
0.0010631250916048884
0.0014773750444874167
0.0012908750213682652
0.0012251250445842743
0.0012122084153816104
0.001484791631810367
0.0012621666537597775
0.0010544166434556246
0.0012447083136066794
0.0013832083204761147
0.0011976667447015643
0.001448541646823287
0.0013331250520423055
0.0012666250113397837
0.0013567500282078981
0.001169916708022356
0.0011910416651517153
0.0014661250170320272
0.0016768333734944463
0.001167041715234518
0.0012853749794885516
0.001244541723281145
0.0016872499836608768
0.0012620834168046713
0.0013954583555459976

(async, average, fib(15) Done in an average of 0.0013977591728325932 seconds.

Running BenchApp.Fibonacci:runAsync with fib(20) and 110 iteration(s).

0.015505416668020189
0.015078000025823712
0.015724499942734838
0.015360750025138259
0.016205291729420424
0.014931624988093972
0.015152458334341645
0.014954000012949109
0.015033875009976327
0.015849499963223934
0.015734416665509343
0.015601249993778765
0.015891500050202012
0.016285291640087962
0.01561320829205215
0.014501333353109658
0.015208583325147629
0.01607349992264062
0.015720833325758576
0.015069208340719342
0.015534333302639425
0.01553941669408232
0.01517362508457154
0.01553362503182143
0.015127583290450275
0.015554999932646751
0.01561320829205215
0.015907625085674226
0.015966791659593582
0.01576716674026102
0.01586916670203209
0.015498750028200448
0.015952875022776425
0.015820874948985875
0.015325291664339602
0.015293125063180923
0.015599708305671811
0.015312708332203329
0.01638929161708802
0.015335416654124856
0.01608204166404903
0.015041666687466204
0.01594724995084107
0.015505666611716151
0.01567895826883614
0.015999750001356006
0.015094458358362317
0.015699499985203147
0.015772916725836694
0.015057874959893525
0.01588645833544433
0.014978833380155265
0.015032791648991406
0.015337625052779913
0.016531208297237754
0.015594500000588596
0.015473958337679505
0.015167041681706905
0.015096166753210127
0.0160727082984522
0.014804166625253856
0.015015791752375662
0.01549170829821378
0.014840958290733397
0.01518487511202693
0.015162874944508076
0.015176083310507238
0.015654458315111697
0.015097625087946653
0.01574683329090476
0.015451083309017122
0.015051541733555496
0.015899499994702637
0.015283208340406418
0.01550466672051698
0.015555124962702394
0.015195541665889323
0.015210499987006187
0.01627195836044848
0.01483037497382611
0.014671666664071381
0.014812958310358226
0.016141166677698493
0.015255541657097638
0.01585279160644859
0.015359666664153337
0.01516891666688025
0.01609333325177431
0.015244291629642248
0.01590841670986265
0.01557695830706507
0.015114208334125578
0.015283833257853985
0.015172749990597367
0.015640583354979753
0.0154382917098701
0.015801791683770716
0.015675041708163917
0.014796499977819622
0.015405458398163319
0.01598908333107829
0.015001708292402327
0.01636012503877282
0.016094000078737736
0.014983749948441982
0.0158404583344236
0.015790874953381717
0.01575070829130709
0.01553545834030956
0.015374666661955416

(async, average, fib(20) Done in an average of 0.015504299582680688 seconds.

Running BenchApp.Fibonacci:runAsync with fib(25) and 110 iteration(s).

0.22395504172891378
0.2210130833555013
0.22253633325453848
0.22387791669461876
0.22405562491621822
0.22027716669254005
0.22022904176265
0.220436624949798
0.22302837506867945
0.22203266667202115
0.22369070840068161
0.22412320831790566
0.2212014583637938
0.22194979176856577
0.22271883336361498
0.21958733338396996
0.22218566667288542
0.22182950004935265
0.2205133750103414
0.223951333318837
0.2214190416270867
0.22579333325847983
0.22569095832295716
0.22387887502554804
0.22459300002083182
0.22163054172415286
0.2223602916346863
0.22410762507934123
0.22550737508572638
0.2240911249537021
0.2233951250091195
0.22288683336228132
0.22358133329544216
0.22405504167545587
0.2245911667123437
0.22339354164432734
0.22369329165667295
0.22380629170220345
0.2216830417746678
0.22481066663749516
0.22233350004535168
0.22333770827390254
0.21948345843702555
0.22290195827372372
0.22347550000995398
0.22353916673455387
0.22477737499866635
0.22300545836333185
0.22315570840146393
0.22309579176362604
0.22288066672626883
0.22331370832398534
0.22364758339244872
0.2243672083131969
0.22320725000463426
0.22174020833335817
0.2241887083509937
0.22438004170544446
0.22240454168058932
0.2228217499796301
0.22537825000472367
0.22303375008050352
0.22236241667997092
0.22454283339902759
0.22448216669727117
0.22256645828019828
0.225380124989897
0.22393516672309488
0.22535225003957748
0.2210391666740179
0.2237198749789968
0.22522933327127248
0.2254534165840596
0.22749808337539434
0.22233091667294502
0.2252458749571815
0.22525937505997717
0.2254519583657384
0.2267779166577384
0.2278710416285321
0.22565895831212401
0.22578095830976963
0.22578979167155921
0.22737337497528642
0.22445916663855314
0.22676479176152498
0.22853800002485514
0.22637741675134748
0.2306650000391528
0.22788337501697242
0.22935608332045376
0.22651808324735612
0.22869620833080262
0.22896329162176698
0.2286434166599065
0.22689908335451037
0.22789237508550286
0.227365416707471
0.23016820836346596
0.22960070834960788
0.22540016670245677
0.2300007917219773
0.23062879173085093
0.22880858334247023
0.22975399997085333
0.23077820823527873
0.22845216665882617
0.22884629166219383
0.2282549582887441
0.2276705834083259

(async, average, fib(25) Done in an average of 0.22493675626348705 seconds.

Benchmark done
