Pressed 'Run benchmark'
About to run 'Swift concurrency'-version of MatrixMultiplication with batch mode: true
Running BenchApp.MatrixMultiplication:runAsync with (25x25) matrix and 110 iteration(s).

0.004074249998666346
0.0030234166188165545
0.0026045833947137
0.0022689583711326122
0.0021033333614468575
0.0019435833673924208
0.0017763333162292838
0.00300437503028661
0.0030797083163633943
0.003120833309367299
0.0028665834106504917
0.002547541633248329
0.0027707917615771294
0.0025592916645109653
0.002292791730724275
0.0021591249387711287
0.0021953333634883165
0.002024125074967742
0.0022066666278988123
0.0019794999388977885
0.0021575000137090683
0.002008291659876704
0.0017835416365414858
0.0015372083289548755
0.0016219583339989185
0.0017708749510347843
0.0014784582890570164
0.0014974166406318545
0.0012592083076015115
0.001679374952800572
0.0013075416209176183
0.0013648333260789514
0.0016271666390821338
0.001251708366908133
0.0012338332599028945
0.0012859583366662264
0.0011117500253021717
0.0013386666541919112
0.0012539166491478682
0.001263958285562694
0.0010412916308268905
0.0009463332826271653
0.0009091250831261277
0.001112625002861023
0.001218249904923141
0.0009016250260174274
0.0009177499450743198
0.0009617083705961704
0.0008256667060777545
0.0009670833824202418
0.0009947499493137002
0.001170458272099495
0.0009414167143404484
0.000751458341255784
0.0007923332741484046
0.0007702916627749801
0.001068458310328424
0.0008550833445042372
0.000979541684500873
0.0011284584179520607
0.001210374990478158
0.0011564583983272314
0.0011714166030287743
0.00082829175516963
0.0011070000473409891
0.0011919999960809946
0.0010896249441429973
0.0008710833499208093
0.0009592917049303651
0.0011092083295807242
0.0007734582759439945
0.0012739583617076278
0.001121375011280179
0.0012758750235661864
0.0010882084025070071
0.0008438751101493835
0.0011293749557808042
0.0013485417002812028
0.001075125066563487
0.0012996250297874212
0.0013309167698025703
0.0008602082962170243
0.0010855000000447035
0.0011339166667312384
0.000979458331130445
0.0012144583743065596
0.0011652084067463875
0.001306583289988339
0.0012454583775252104
0.0010188333690166473
0.001277750008739531
0.0010284583549946547
0.001183541608043015
0.0013770833611488342
0.0011970832711085677
0.0012359166285023093
0.0012203749502077699
0.0009480000007897615
0.0009137917077168822
0.0013513750163838267
0.0012327500153332949
0.001290791667997837
0.0010722916340455413
0.0007858333410695195
0.0011579582933336496
0.001288583385758102
0.0011251666583120823
0.0009987083030864596
0.0013128332793712616
0.0012111666146665812

(async, average, (25x25) matrix) Done in an average of 0.0012916279176715762 seconds.

Running BenchApp.MatrixMultiplication:runAsync with (50x50) matrix and 110 iteration(s).

0.011591749964281917
0.012126208399422467
0.011783208348788321
0.011632416630163789
0.012061041663400829
0.011743874987587333
0.012447791639715433
0.012075916631147265
0.011377833317965269
0.011946583283133805
0.011380749987438321
0.011829916620627046
0.01152270834427327
0.011444166651926935
0.012115166755393147
0.011347833322361112
0.011242125066928566
0.010816624970175326
0.012138499994762242
0.010320125031284988
0.011855291668325663
0.011521666659973562
0.011884916690178216
0.011359583353623748
0.012476125033572316
0.011911208392120898
0.012307541677728295
0.011644125101156533
0.011571375071071088
0.011909333290532231
0.012239166651852429
0.011569916736334562
0.012594083324074745
0.011838124948553741
0.012052666628733277
0.012185541680082679
0.012352666701190174
0.011873624986037612
0.011681874981150031
0.0117680833209306
0.011441583279520273
0.01181545841973275
0.012495041592046618
0.01103337504900992
0.011822374886833131
0.011601374950259924
0.012512541725300252
0.012480291654355824
0.011960958247072995
0.012235124944709241
0.011789333308115602
0.011907374951988459
0.011243333341553807
0.01255391666200012
0.012148958398029208
0.011414541630074382
0.011948374914936721
0.011709291604347527
0.01145666663069278
0.01226737501565367
0.011960583389736712
0.010986708337441087
0.011578916572034359
0.010929833282716572
0.011859291698783636
0.011480708373710513
0.011810875032097101
0.01166533341165632
0.011954250046983361
0.012550249928608537
0.011467666714452207
0.012158083380199969
0.011988541693426669
0.011490166652947664
0.011867291643284261
0.011962833348661661
0.011348458356224
0.011869541718624532
0.011072166729718447
0.00996345840394497
0.01174470828846097
0.012492958339862525
0.01177516661118716
0.011688791681081057
0.01160841656383127
0.01225195825099945
0.010731833288446069
0.010597208398394287
0.011800333275459707
0.011732083396054804
0.011504666763357818
0.012081624940037727
0.011872624978423119
0.011627416708506644
0.011709333397448063
0.011620583361946046
0.011724708252586424
0.011989541701041162
0.011160541675053537
0.011644499958492815
0.011826750007458031
0.012069291668012738
0.012139083351939917
0.012196458294056356
0.011360333417542279
0.011668541701510549
0.01124379166867584
0.011490291683003306
0.012010541744530201
0.011144374962896109

(async, average, (50x50) matrix) Done in an average of 0.01173065541894175 seconds.

Running BenchApp.MatrixMultiplication:runAsync with (75x75) matrix and 110 iteration(s).

0.08461133332457393
0.08612908341456205
0.08591170830186456
0.08790333336219192
0.08593416668009013
0.08749425003770739
0.08642520825378597
0.0864574583247304
0.08547837496735156
0.08636987500358373
0.0867235834011808
0.08621599990874529
0.0859364167554304
0.08701229165308177
0.08762833336368203
0.08680849999655038
0.08609933336265385
0.08739250001963228
0.08709908335004002
0.08591195836197585
0.08640345826279372
0.08648754167370498
0.08678479166701436
0.08646908332593739
0.08783362503163517
0.086318708374165
0.087000000057742
0.08647037507034838
0.08578612504061311
0.08657529158517718
0.08605549996718764
0.08619020832702518
0.08630150009412318
0.08672825002577156
0.08529574994463474
0.08695254172198474
0.08656608336605132
0.08692495827563107
0.0870510833337903
0.08627820841502398
0.08586366672534496
0.08711033326108009
0.08561250008642673
0.08602412510663271
0.08649587503168732
0.08594145835377276
0.08657195826526731
0.08650183328427374
0.08629933325573802
0.08671887498348951
0.08615187497343868
0.0864834584062919
0.08689608331769705
0.0861978332977742
0.08634712500497699
0.08652704174164683
0.08584412501659244
0.08602824993431568
0.08629949996247888
0.0868047917028889
0.08534695825073868
0.08661379164550453
0.08662408334203064
0.086613625055179
0.08620549994520843
0.08609004167374223
0.08674104162491858
0.0861235000193119
0.08583574998192489
0.08592295832931995
0.08662241674028337
0.08645954169332981
0.08677437494043261
0.08654925005976111
0.08748237497638911
0.08722195832524449
0.08674583327956498
0.08750408329069614
0.08742962498217821
0.08749441662803292
0.08527437492739409
0.08756620844360441
0.08591220842208713
0.08657479169778526
0.08702175004873425
0.08644616662058979
0.08609858329873532
0.08651516668032855
0.08614216675050557
0.08697658323217183
0.08626712497789413
0.08659704157616943
0.08612404158338904
0.08695808332413435
0.08530016662552953
0.08562862500548363
0.08724470832385123
0.08632949995808303
0.08686345827300102
0.08630720828659832
0.08632870833389461
0.08595170837361366
0.08662787510547787
0.0873672500019893
0.08702312503010035
0.08643358328845352
0.08649829169735312
0.0867654166650027
0.08790270832832903
0.08690058335196227

(async, average, (75x75) matrix) Done in an average of 0.0865236945846118 seconds.

Running BenchApp.MatrixMultiplication:runAsync with (100x100) matrix and 110 iteration(s).

0.29741916665807366
0.2941258333157748
0.29253083339426666
0.29339462507050484
0.29406258335802704
0.29324970836751163
0.2949112500064075
0.30076400004327297
0.2944580832263455
0.2954157084459439
0.2933383749332279
0.2930674166418612
0.29596679168753326
0.29789595829788595
0.2944207083201036
0.29919029166921973
0.29931091668549925
0.2936898749321699
0.29381629172712564
0.2938991249538958
0.2941213749581948
0.30128012492787093
0.2944879583083093
0.2980731666320935
0.29227941657882184
0.29436712502501905
0.2970983332488686
0.29519229161087424
0.2929224583785981
0.2945080833742395
0.29941608337685466
0.2961988750612363
0.29480799997691065
0.295043041696772
0.29379683337174356
0.2944402499124408
0.29352487495634705
0.29439658334013075
0.2946869583101943
0.29380095831584185
0.29657954163849354
0.2967356666922569
0.2923854582477361
0.29265829164069146
0.3019294999539852
0.2952085416764021
0.29654045833740383
0.29292683338280767
0.2964307916117832
0.29366729175671935
0.2942084582755342
0.2932143750367686
0.2952808749396354
0.2931736665777862
0.29249833326321095
0.30333945830352604
0.2937702500494197
0.2941378334071487
0.2927559583913535
0.29466266673989594
0.2956535416888073
0.29476724995765835
0.29370575002394617
0.29268283338751644
0.29517516668420285
0.2932891249656677
0.29767666675616056
0.29562491667456925
0.2932609167182818
0.29307516664266586
0.297452041762881
0.2975391667569056
0.301015125005506
0.29349983332213014
0.29451608331874013
0.29289491672534496
0.29351666662842035
0.2917486666701734
0.2927737917052582
0.2923676250502467
0.29393591673579067
0.29302483331412077
0.2920740416739136
0.2931719582993537
0.29556770832277834
0.29209745838306844
0.2936216666130349
0.29466645838692784
0.29934170830529183
0.29191383335273713
0.2930739999283105
0.29342583334073424
0.29327504173852503
0.2929671249585226
0.29360466660000384
0.2979059166973457
0.2943017916986719
0.2955850416328758
0.29521458328235894
0.29128983337432146
0.2928584166802466
0.29339024994987994
0.2924878332996741
0.29350291669834405
0.2948384166229516
0.29280483338516206
0.29239029169548303
0.2931591250235215
0.29270991671364754
0.2930310416268185

(async, average, (100x100) matrix) Done in an average of 0.2946461049991194 seconds.

Benchmark done
