Pressed 'Run benchmark'
About to run 'GCD'-version of MatrixMultiplication with batch mode: true
Running BenchApp.MatrixMultiplication:runGCD with (25x25) matrix and 110 iteration(s).

0.013688583392649889
0.015251541626639664
0.014240249991416931
0.012211916618980467
0.010705541586503386
0.009205708280205727
0.008511958410963416
0.00800445827189833
0.008984874933958054
0.008338458370417356
0.0087685416219756
0.008494958281517029
0.008487791637890041
0.008317458326928318
0.008850208250805736
0.008520500035956502
0.008624749956652522
0.008628624957054853
0.008794416673481464
0.008741708239540458
0.008624333306215703
0.008722083293832839
0.00868745835032314
0.008510791696608067
0.0087579166283831
0.00854675006121397
0.008708416717126966
0.008446124964393675
0.008563416660763323
0.008528708363883197
0.008497708360664546
0.00830387498717755
0.008902208297513425
0.00858429167419672
0.008418999961577356
0.008283750037662685
0.008555375039577484
0.008492333348840475
0.008705874904990196
0.00857175001874566
0.009233166696503758
0.008623416651971638
0.008695208351127803
0.008286958327516913
0.008612333331257105
0.008738875039853156
0.008446291671134531
0.008637999999336898
0.008895458304323256
0.009202333283610642
0.00846537493634969
0.009104625089094043
0.009157166699878871
0.008449124987237155
0.008435166673734784
0.009151499951258302
0.008530874969437718
0.008306125062517822
0.008440541685558856
0.008581625064834952
0.008576208376325667
0.00839437497779727
0.00856562505941838
0.008794083259999752
0.008627166622318327
0.00833229161798954
0.008741583325900137
0.008966083289124072
0.008831708342768252
0.005939208320342004
0.007106958306394517
0.00777762511279434
0.008518958347849548
0.008463583420962095
0.00859833334106952
0.008871500031091273
0.00925837503746152
0.008546083350665867
0.00835287501104176
0.008141208323650062
0.008493666653521359
0.008701458340510726
0.008540166658349335
0.00858675001654774
0.008478916715830564
0.008168166619725525
0.008728166692890227
0.00913591671269387
0.008757708361372352
0.009253458236344159
0.00841904163826257
0.008437250042334199
0.00846933329012245
0.008380583254620433
0.008639333304017782
0.008612458244897425
0.008350666612386703
0.00847041665110737
0.008488625055179
0.008361041662283242
0.008439708384685218
0.008303166599944234
0.008524291682988405
0.00832229177467525
0.008938124985434115
0.008072791737504303
0.008217500057071447
0.008965541725046933
0.009113791631534696
0.009324374957941473

(GCD, average, (25x25) matrix) Done in an average of 0.008567338332068176 seconds.

Running BenchApp.MatrixMultiplication:runGCD with (50x50) matrix and 110 iteration(s).

0.052432666649110615
0.05092512501869351
0.05152083339635283
0.05147516669239849
0.05076920834835619
0.04614716675132513
0.048865833319723606
0.05003595841117203
0.05198983335867524
0.05592108331620693
0.05507625010795891
0.05409404158126563
0.05631162493955344
0.05823299998883158
0.05765195831190795
0.059647624962963164
0.05667366669513285
0.059350916650146246
0.05793687503319234
0.05822741670999676
0.05837316659744829
0.058555833296850324
0.05735699995420873
0.059326374903321266
0.06046583328861743
0.058789624948985875
0.058327208389528096
0.05861633340828121
0.05956758337561041
0.05881604156456888
0.058669958263635635
0.060476166661828756
0.058017625007778406
0.057955208350904286
0.05894237500615418
0.05947804159950465
0.05840670841280371
0.057516916655004025
0.059423625003546476
0.05867041670717299
0.05746466666460037
0.05808287498075515
0.056689166580326855
0.05687366658821702
0.05618704168591648
0.05588170827832073
0.05898674996569753
0.060121208312921226
0.05896004172973335
0.05849104165099561
0.05906899995170534
0.058957666624337435
0.05923233332578093
0.05985312501434237
0.057733958354219794
0.05670174991246313
0.06023987499065697
0.060248583322390914
0.058824375038966537
0.05828937503974885
0.058575041708536446
0.059107166598550975
0.05999054166022688
0.06091087497770786
0.05925091670360416
0.05963687505573034
0.060008708271197975
0.05916212499141693
0.05799641669727862
0.05963725002948195
0.05899900000076741
0.05963699996937066
0.06080125004518777
0.0573345833690837
0.05716566659975797
0.05751141672953963
0.06019599991850555
0.05854774999897927
0.056789624970406294
0.05806841666344553
0.05782841669861227
0.05883116670884192
0.05961016670335084
0.06129350000992417
0.05826020834501833
0.058150708326138556
0.058491375064477324
0.05756308336276561
0.06156699999701232
0.06210945837665349
0.06144087505526841
0.06267941661644727
0.06269387493375689
0.06002374994568527
0.06059812498278916
0.06148337502963841
0.06219354167114943
0.05983054160606116
0.061276791617274284
0.0638526666443795
0.06166087498422712
0.0628672499442473
0.06093987496569753
0.06207770830951631
0.06088229164015502
0.0611949167214334
0.06378558336291462
0.06155445834156126
0.06186783325392753
0.06223725003656

(GCD, average, (50x50) matrix) Done in an average of 0.0592401633260306 seconds.

Running BenchApp.MatrixMultiplication:runGCD with (75x75) matrix and 110 iteration(s).

0.19415341666899621
0.17928733327426016
0.2026985416887328
0.19324279169086367
0.20781104161869735
0.19899045838974416
0.20835516671650112
0.20186695840675384
0.208196833380498
0.2123219583882019
0.20673350000288337
0.20672358328010887
0.20778766670264304
0.21299629157874733
0.20611295837443322
0.2119667916558683
0.21077833336312324
0.21298795833718032
0.21050537494011223
0.20898787502665073
0.21109687502030283
0.21005058335140347
0.20812504168134183
0.21156075003091246
0.2154096666490659
0.21409991662949324
0.2102808749768883
0.2094635833054781
0.20749695831909776
0.21439524996094406
0.21315383329056203
0.2139216250507161
0.20956824999302626
0.21386862499639392
0.21386212506331503
0.21201416663825512
0.2150252916617319
0.21186387503985316
0.21540566661860794
0.2094954999629408
0.21067216666415334
0.2111084166681394
0.2139614166226238
0.213069083285518
0.21064791665412486
0.2118835833389312
0.21736704162321985
0.2106507916469127
0.21237574995029718
0.2122624167241156
0.21816670836415142
0.20626687502954155
0.2096848749788478
0.2127717916155234
0.21042237500660121
0.21228666661772877
0.21420158341061324
0.21286237507592887
0.21188008331228048
0.20933083328418434
0.2127858749590814
0.21776045835576952
0.2137377082835883
0.2111792917130515
0.21473737491760403
0.21273329167161137
0.20917187503073364
0.21561316668521613
0.2146495833294466
0.21391462499741465
0.2173894583247602
0.21335212502162904
0.21011979167815298
0.21749900002032518
0.20891849999316037
0.21246099995914847
0.2168314999435097
0.21392075007315725
0.21638770832214504
0.21370912506245077
0.20665908325463533
0.2164718749700114
0.21746883331798017
0.21086683333851397
0.2157449583755806
0.2113259582547471
0.2135972083779052
0.21726316667627543
0.2149074167245999
0.21606150001753122
0.21482574997935444
0.21003366669174284
0.2135218334151432
0.21107633330393583
0.21771804161835462
0.21217520826030523
0.21872450003866106
0.21747820836026222
0.2122932500205934
0.22004387504421175
0.21543924999423325
0.21198008337523788
0.21855366660747677
0.21612024994101375
0.21164387511089444
0.21327195828780532
0.21085508342366666
0.2194162083324045
0.21422120823990554
0.21036525000818074

(GCD, average, (75x75) matrix) Done in an average of 0.21284608083078638 seconds.

Running BenchApp.MatrixMultiplication:runGCD with (100x100) matrix and 110 iteration(s).

0.5182362083578482
0.42153404164128006
0.517028083326295
0.4436998749151826
0.5150783333228901
0.4604884583968669
0.5158095000078902
0.47308250004425645
0.514312083250843
0.48833995836321265
0.5192733332514763
0.4917167917592451
0.5234774999553338
0.5131608333904296
0.5170145416632295
0.5123464583884925
0.5239375416422263
0.521497291745618
0.5291111250407994
0.5314149582991377
0.530764541705139
0.5371529998956248
0.5318844583816826
0.5362683749990538
0.5301129999570549
0.5386766250012442
0.5400524999713525
0.5377974583534524
0.5373132083332166
0.5419047916075215
0.538290916592814
0.5415172083303332
0.5417972499271855
0.5422223332570866
0.5459774166811258
0.5408173333853483
0.5447540417080745
0.5472784166922793
0.5432323749409989
0.5465920416172594
0.5501578750554472
0.5461806249804795
0.547430208302103
0.5517493749503046
0.5456338749499992
0.5472670417511836
0.5466436250135303
0.5590556666720659
0.5521939999889582
0.5490952499676496
0.551288541755639
0.5463123333174735
0.5473865416133776
0.5480511249043047
0.5503575833281502
0.5526367916027084
0.5612399165984243
0.5493572499835864
0.5489879583474249
0.5536840000422671
0.5545551250688732
0.5466239167144522
0.5528872916474938
0.5538575000828132
0.5620394999859855
0.5897119583096355
0.5993952082935721
0.5957927500130609
0.6000861666398123
0.6052789583336562
0.6035376250511035
0.6040067083667964
0.6038911250652745
0.6134972916916013
0.617371250060387
0.6009278333513066
0.6147616666276008
0.6116169999586418
0.6160206666681916
0.6194787083659321
0.6147324583726004
0.6229210833553225
0.6245404166402295
0.6211192500777543
0.6316957500530407
0.6264993749791756
0.6247592499712482
0.6219129583332688
0.6228924166643992
0.6287855833070353
0.6347800833173096
0.6270080000394955
0.6327745834132656
0.6322182916337624
0.6319645417388529
0.6336459583835676
0.6276920416858047
0.6307527499739081
0.6391003333264962
0.6388325833249837
0.6435793749988079
0.6336758333491161
0.6402349999407306
0.6402038750238717
0.6418373750057071
0.6376763751031831
0.6424232916906476
0.6361942916410044
0.6359577917028219
0.6465252500493079

(GCD, average, (100x100) matrix) Done in an average of 0.5781434166699182 seconds.

Benchmark done
