Pressed 'Run benchmark'
About to run 'Swift concurrency'-version of MatrixMultiplication with batch mode: true
Running BenchApp.MatrixMultiplication:runAsync with (25x25) matrix and 110 iteration(s).

0.00884604174643755
0.004275541636161506
0.004618791630491614
0.004132208414375782
0.004141708370298147
0.004105916596017778
0.004363666637800634
0.004565250012092292
0.004761624964885414
0.004261666676029563
0.004416541662067175
0.004247874952852726
0.003957458306103945
0.0037451250245794654
0.0039001250406727195
0.0034808749333024025
0.0035042082890868187
0.0034048333764076233
0.0035756666911765933
0.0033548333449289203
0.003469166695140302
0.0034140832722187042
0.0034909166861325502
0.0034691249020397663
0.0033120833104476333
0.003472083364613354
0.003348750062286854
0.003558833268471062
0.0034686666913330555
0.0035273750545457006
0.0034318750258535147
0.0034535416634753346
0.003419750020839274
0.003543041762895882
0.00351245841011405
0.0035055415937677026
0.003299666685052216
0.0035944583360105753
0.0036197499139234424
0.003523916704580188
0.0035156249068677425
0.0035824583610519767
0.0034895415883511305
0.0036002916749566793
0.0033200833713635802
0.0035100416280329227
0.0034627083223313093
0.0034585833782330155
0.0036466249730437994
0.0036569583462551236
0.0035278750583529472
0.0033484583254903555
0.00356737500987947
0.003428333322517574
0.00346904166508466
0.003420583321712911
0.0035547083243727684
0.0034288333263248205
0.0034583749948069453
0.003424083348363638
0.003635291592217982
0.0033405834110453725
0.0036200417671352625
0.0035938749788329005
0.00344566663261503
0.003618791699409485
0.003617500071413815
0.0033861666452139616
0.0034796249819919467
0.0034112499561160803
0.0034244583221152425
0.0034735416993498802
0.0033533750101923943
0.0034510416444391012
0.0034816666739061475
0.0035069582518190145
0.0035839583724737167
0.0034310832852497697
0.003545208368450403
0.0033847499871626496
0.003542958409525454
0.0034036666620522738
0.003403208334930241
0.003358291694894433
0.0034875833662226796
0.003591333399526775
0.0032652083318680525
0.004241916700266302
0.0039602083852514625
0.003545041661709547
0.0033735833130776882
0.0036590000381693244
0.003415333339944482
0.003472458221949637
0.003574791713617742
0.0034149165730923414
0.0033650833647698164
0.0034869166556745768
0.003432708326727152
0.003518791636452079
0.0034195834305137396
0.0035170000046491623
0.003419750020839274
0.0035685000475496054
0.0033577915746718645
0.0036943750455975533
0.003510749898850918
0.0036777916830033064
0.0035373750142753124
0.003400249988771975

(async, average, (25x25) matrix) Done in an average of 0.0035229420848190782 seconds.

Running BenchApp.MatrixMultiplication:runAsync with (50x50) matrix and 110 iteration(s).

0.025063166627660394
0.025024541653692722
0.025409416761249304
0.025326374918222427
0.025132666691206396
0.02545883331913501
0.024943791679106653
0.024732000078074634
0.02484137495048344
0.02513229171745479
0.024803625070489943
0.025090416660532355
0.025196791626513004
0.02514620835427195
0.02479020832106471
0.025194208254106343
0.02496179169975221
0.02524199988692999
0.024859333294443786
0.025001291651278734
0.025191624998115003
0.02525037492159754
0.025070125004276633
0.024707125034183264
0.02492595836520195
0.025022083311341703
0.024892666726373136
0.024996833293698728
0.024908708408474922
0.025314458296634257
0.02515212504658848
0.025129791698418558
0.025556166656315327
0.024544791667722166
0.027820125105790794
0.02544187509920448
0.0259356249589473
0.025808583362959325
0.025493208318948746
0.025449958397075534
0.02587899996433407
0.02553420839831233
0.02599224995356053
0.025826249970123172
0.025903291651047766
0.025498874951153994
0.02550374995917082
0.02623833331745118
0.025577583350241184
0.02614762494340539
0.02605324995238334
0.026197416707873344
0.026094583328813314
0.025916041689924896
0.025540958275087178
0.02597033337224275
0.02589870837982744
0.02608370839152485
0.02623737510293722
0.026301041711121798
0.025800833362154663
0.026086958358064294
0.02551125001627952
0.026157874963246286
0.02611254167277366
0.02593645837623626
0.02639295835979283
0.02611970843281597
0.02564650005660951
0.025471124914474785
0.028426291653886437
0.025997000047937036
0.026304916595108807
0.026261916616931558
0.026037666713818908
0.026348749990575016
0.02639158326201141
0.026496083359234035
0.02599654160439968
0.026101125054992735
0.025923124980181456
0.026898458250798285
0.02629249996971339
0.026490291696973145
0.02622150001116097
0.02602699992712587
0.02663812506943941
0.026573333307169378
0.02692445833235979
0.02650333335623145
0.026145874988287687
0.026167541625909507
0.026508291601203382
0.0264562499942258
0.0266214165603742
0.026781666674651206
0.02644404163584113
0.026756166596896946
0.026829666690900922
0.02668145834468305
0.02693829161580652
0.02654620842076838
0.026787374983541667
0.026833541691303253
0.026232083328068256
0.02964679163414985
0.026295958436094224
0.027041499968618155
0.02704691665712744
0.026654666638933122

(async, average, (50x50) matrix) Done in an average of 0.025987985832616686 seconds.

Running BenchApp.MatrixMultiplication:runAsync with (75x75) matrix and 110 iteration(s).

0.11197633331175894
0.10952387494035065
0.10632591671310365
0.10992604168131948
0.11394945834763348
0.09990412497427315
0.09978841664269567
0.11805095837917179
0.11003358324524015
0.10778637509793043
0.11323237500619143
0.11413408338557929
0.10296883329283446
0.11182533332612365
0.10268249991349876
0.11281924997456372
0.11722129164263606
0.11543499992694706
0.1032607916276902
0.1092937916982919
0.11668016668409109
0.11980091664008796
0.11046904162503779
0.11307483341079205
0.11187824991066009
0.11941162496805191
0.10594625002704561
0.10420458333101124
0.11458937497809529
0.11014154169242829
0.1111934999935329
0.11312358337454498
0.10883179167285562
0.11644870834425092
0.12424437492154539
0.1106047083158046
0.11033662501722574
0.10973575001116842
0.11646737507544458
0.10798187495674938
0.1025787916732952
0.10260670830029994
0.11639333330094814
0.10200075001921505
0.10469312500208616
0.1051477916771546
0.11141187499742955
0.10208987502846867
0.10841120826080441
0.1167165832594037
0.10974016669206321
0.11855000001378357
0.11291208327747881
0.10382149997167289
0.11631545831914991
0.113491166732274
0.12086904165335
0.11003833333961666
0.10877108329441398
0.1134247500449419
0.10579750000033528
0.11729433329310268
0.11097045836504549
0.12028687493875623
0.10795683332253247
0.10949912504293025
0.11370791657827795
0.11593337508384138
0.11753133335150778
0.1070611666655168
0.11973741662222892
0.10815416660625488
0.11331366666126996
0.10556516656652093
0.11319083336275071
0.11118712497409433
0.10703970829490572
0.11521574994549155
0.11607574997469783
0.1148514166707173
0.10536820825655013
0.11691216670442373
0.11743325006682426
0.12023354170378298
0.10763683333061635
0.12046187499072403
0.10375454172026366
0.1197592499665916
0.11968791671097279
0.11859175004065037
0.119870875030756
0.11733229167293757
0.11291079164948314
0.12625054165255278
0.1303777917055413
0.12148691667243838
0.12164316663984209
0.10777658340521157
0.117778041632846
0.11230854166205972
0.10825283324811608
0.11323150002863258
0.10778375004883856
0.10832183330785483
0.12812270829454064
0.1213447917252779
0.12228154169861227
0.11253874993417412
0.11430266662500799
0.1171607916476205

(async, average, (75x75) matrix) Done in an average of 0.11299307707697154 seconds.

Running BenchApp.MatrixMultiplication:runAsync with (100x100) matrix and 110 iteration(s).

0.36569937493186444
0.34319558332208544
0.36482737492769957
0.35548408329486847
0.35574745829217136
0.35408237494993955
0.3564627083251253
0.37060299993027
0.3949432499939576
0.34735920827370137
0.34650799992959946
0.3559185416670516
0.3462521249894053
0.348548166686669
0.34852158336434513
0.3623708332888782
0.3669600832508877
0.37087754160165787
0.36247312498744577
0.369823916698806
0.35774220840539783
0.3661370415939018
0.3630609166575596
0.35877741663716733
0.3727070833556354
0.3639103750465438
0.36692499998025596
0.3701984583167359
0.37027524993754923
0.3698969583492726
0.36609541659709066
0.35425600002054125
0.35980708338320255
0.37222145835403353
0.3720833749976009
0.3819745833752677
0.3830611250596121
0.36975262488704175
0.37999395828228444
0.3673122084001079
0.37803904176689684
0.385803583310917
0.3736006250837818
0.3851911249803379
0.3804726250236854
0.3745084166293964
0.3774627916282043
0.3912192083662376
0.3789959583664313
0.3901331666857004
0.3691070833010599
0.36691916664130986
0.3843878332991153
0.38526970834936947
0.3795434166677296
0.37491662497632205
0.3834297083085403
0.38792695838492364
0.3908719583414495
0.37800854176748544
0.3910182499093935
0.37793020834214985
0.38516691664699465
0.39116220839787275
0.38333408324979246
0.39223349990788847
0.3779027082491666
0.38821137498598546
0.39243312494363636
0.39027233328670263
0.3861935416935012
0.4015045833075419
0.3909267917042598
0.3776994582731277
0.38473362498916686
0.3892016666941345
0.39543775003403425
0.3795392499305308
0.38910845830105245
0.36127954174298793
0.38683491677511483
0.3890230000251904
0.38782245840411633
0.38994899997487664
0.39124887494836
0.3869670833228156
0.3962438333546743
0.3769364582840353
0.3880425833631307
0.37812958331778646
0.39693525002803653
0.3969969166209921
0.3828718749573454
0.37436916667502373
0.38916049990803003
0.39137124991975725
0.3778430001111701
0.36895341658964753
0.39147770835552365
0.38758958340622485
0.3955112083349377
0.3994380417279899
0.3951895000645891
0.37917249999009073
0.38909137493465096
0.39923333330079913
0.3938505416736007
0.39890079165343195
0.39405833336059004
0.40144158340990543

(async, average, (100x100) matrix) Done in an average of 0.379601930413628 seconds.

Benchmark done
