Pressed 'Run benchmark'
About to run 'Swift concurrency'-version of MatrixMultiplication with batch mode: true
Running BenchApp.MatrixMultiplication:runAsync with (25x25) matrix and 110 iteration(s).

0.0044409167021512985
0.002962999977171421
0.0027643749490380287
0.001998791587539017
0.0019584583351388574
0.0016377500724047422
0.0032211666693910956
0.00327783334068954
0.0030482084257528186
0.0031566666439175606
0.0026304166531190276
0.0023357083555310965
0.0024470416828989983
0.0023601249558851123
0.0021054166136309505
0.0020145834423601627
0.002011749893426895
0.0018680000212043524
0.0022192916367202997
0.0017414166359230876
0.002092166687361896
0.0017877083737403154
0.0015277500497177243
0.0015679167117923498
0.00175912503618747
0.001654833322390914
0.0015633333241567016
0.0014524166472256184
0.0013546666596084833
0.0012262917589396238
0.0013245416339486837
0.0014459165977314115
0.0012760416138917208
0.0016508334083482623
0.0014422499807551503
0.0011289999820291996
0.0011805000249296427
0.0014504167484119534
0.0012342083500698209
0.0010304166935384274
0.0009439999703317881
0.0012957500293850899
0.0012992500560358167
0.0011516667436808348
0.0008921666303649545
0.0011501250555738807
0.0009487917413935065
0.0011400000657886267
0.0007499166531488299
0.0011205417104065418
0.0011493333149701357
0.0009016250260174274
0.0010807500220835209
0.0010900833876803517
0.0013219582615420222
0.0011682916665449739
0.0012593333376571536
0.0008673750562593341
0.0010022083297371864
0.0009644583333283663
0.0010567917488515377
0.001191583345644176
0.0012649166164919734
0.0010777083225548267
0.0008680833270773292
0.0008499165996909142
0.0012200416531413794
0.0012499166186898947
0.0009384165750816464
0.0011731249978765845
0.0011787916300818324
0.001148166717030108
0.0010162916732951999
0.0011949166655540466
0.0012323333648964763
0.0010479167103767395
0.00125391676556319
0.0008347916882485151
0.000928833382204175
0.0010350416414439678
0.0009350832551717758
0.0011333749862387776
0.0012576250592246652
0.000885416753590107
0.0009691666346043348
0.0012086250353604555
0.0009437917033210397
0.001230583293363452
0.0011548332404345274
0.00112641672603786
0.0009191666031256318
0.001002541626803577
0.0009434166131541133
0.001006958307698369
0.0011617082636803389
0.000909916590899229
0.0008789165876805782
0.0009290416492149234
0.0010614999337121844
0.0012548749800771475
0.0012447499902918935
0.0012411250500008464
0.0011602917220443487
0.0012008750345557928
0.0012255000183358788
0.0012346666771918535
0.0012044582981616259
0.0012260415824130177
0.0010117499623447657
0.00122916663531214

(async, average, (25x25) matrix) Done in an average of 0.0012703479174524545 seconds.

Running BenchApp.MatrixMultiplication:runAsync with (50x50) matrix and 110 iteration(s).

0.012243291712366045
0.012653916724957526
0.011156375054270029
0.011897083255462348
0.011954833287745714
0.01254695828538388
0.011619041673839092
0.01213612500578165
0.011598125100135803
0.011618999997153878
0.012190500041469932
0.010093083255924284
0.010586333344690502
0.012568541686050594
0.012405499932356179
0.01142608339432627
0.011548749986104667
0.012344083283096552
0.011657249997369945
0.012443458428606391
0.011837208294309676
0.011580583406612277
0.011168083408847451
0.012610583333298564
0.012159541598521173
0.012948416639119387
0.012812458327971399
0.011788625037297606
0.011593000032007694
0.012255833367817104
0.011053333291783929
0.012051333324052393
0.01176079164724797
0.012258083443157375
0.011805916670709848
0.011913624941371381
0.013229583273641765
0.012277750065550208
0.01266866666264832
0.01146629173308611
0.01193858333863318
0.011563625070266426
0.012464458355680108
0.012075541657395661
0.01208979170769453
0.010893624974414706
0.01165075006429106
0.011676208348944783
0.010720541584305465
0.012576166656799614
0.012076208251528442
0.011397791560739279
0.01087812497280538
0.010928333271294832
0.012588458368554711
0.012422208325006068
0.010851499973796308
0.011050416738726199
0.01264366670511663
0.01220250001642853
0.01220712496433407
0.012960416730493307
0.0121266667265445
0.011679999995976686
0.012007041601464152
0.012362208333797753
0.011566333356313407
0.011811791686341166
0.011962250107899308
0.011990166618488729
0.011788958334363997
0.011785874958150089
0.011831083334982395
0.012415249948389828
0.012452166643925011
0.011553624994121492
0.01199487503618002
0.012815958238206804
0.012132874922826886
0.011308416607789695
0.011991375009529293
0.01150716666597873
0.012237041722983122
0.01187895832117647
0.010755458264611661
0.012224750011228025
0.012255333247594535
0.011875250027514994
0.011374374967999756
0.012402208289131522
0.01239779160823673
0.011406958336010575
0.011166333337314427
0.011602791724726558
0.010920958244241774
0.010144666768610477
0.010657541686668992
0.01182125008199364
0.011566749890334904
0.01160262490157038
0.013724416610784829
0.01160679163876921
0.01235562504734844
0.011292874929495156
0.012238291674293578
0.011640166630968451
0.01169762504287064
0.011711250059306622
0.010659499908797443
0.011130458326078951

(async, average, (50x50) matrix) Done in an average of 0.01183791457908228 seconds.

Running BenchApp.MatrixMultiplication:runAsync with (75x75) matrix and 110 iteration(s).

0.08535616670269519
0.08485008333809674
0.08553550008218735
0.08498887496534735
0.08568908332381397
0.08519012504257262
0.0868119583465159
0.08515258331317455
0.08517850004136562
0.08531654172111303
0.08578299998771399
0.08664304157719016
0.08675162494182587
0.08666595828253776
0.08720650000032037
0.08565820835065097
0.08611095836386085
0.08563141664490104
0.08559233334381133
0.08507575001567602
0.08559387491550297
0.08555745834019035
0.08615574997384101
0.08820450003258884
0.08726508333347738
0.08829712506849319
0.0876353750936687
0.08634320832788944
0.08703850000165403
0.08659695833921432
0.08646179165225476
0.08625258330721408
0.08610974997282028
0.08823975000996143
0.08656804170459509
0.08583212504163384
0.08595966664142907
0.08600866666529328
0.08608429168816656
0.08561233337968588
0.08510287501849234
0.08583287498913705
0.08543920831289142
0.08508883335161954
0.08490295836236328
0.08528241666499525
0.08517533342819661
0.0854685417143628
0.09070404164958745
0.08878550003282726
0.08714791666716337
0.08565808332059532
0.08742445835378021
0.08892937505152076
0.09022691659629345
0.08633941656444222
0.0857010834151879
0.08857779169920832
0.08650383329950273
0.08649424999020994
0.08701808331534266
0.08650524995755404
0.08661966666113585
0.0873069167137146
0.08735187503043562
0.08703487494494766
0.08708470838610083
0.0866715416777879
0.08675229165237397
0.0870113333221525
0.08664841670542955
0.08685741666704416
0.0861450417432934
0.08588970836717635
0.08620154170785099
0.08631479169707745
0.08624804171267897
0.08634966670069844
0.08725208335090429
0.09175458329264075
0.08566199999768287
0.08585591660812497
0.08554462506435812
0.08639620838221163
0.08634599996730685
0.08594825002364814
0.08700395841151476
0.08629220840521157
0.08689724991563708
0.086898333276622
0.08648679172620177
0.08676175004802644
0.08689812500961125
0.08728620829060674
0.08685387496370822
0.08650049997959286
0.08651862491387874
0.08672966668382287
0.0867253333562985
0.08683316665701568
0.0862564166309312
0.08658341667614877
0.08622304163873196
0.08652024995535612
0.08674745832104236
0.08744400006253272
0.08686695829965174
0.08620316663291305
0.08726745832245797
0.08690875000320375

(async, average, (75x75) matrix) Done in an average of 0.0866419887531083 seconds.

Running BenchApp.MatrixMultiplication:runAsync with (100x100) matrix and 110 iteration(s).

0.29284075007308275
0.2910680416971445
0.29488683328963816
0.29321837495081127
0.293666125042364
0.2961992500349879
0.29299283341970295
0.3000865833600983
0.30301991663873196
0.2943837083876133
0.2944326667347923
0.2975515417056158
0.29455762496218085
0.2952445832779631
0.29432158335112035
0.2936143750557676
0.29500316665507853
0.29579100001137704
0.29533170827198774
0.29327829158864915
0.2952847082633525
0.29429387499112636
0.29583083337638527
0.29472579166758806
0.29363508336246014
0.2950845833402127
0.29696895834058523
0.294815041590482
0.2936729999491945
0.29410954168997705
0.29503258340992033
0.2954089583363384
0.2971609167288989
0.29381779162213206
0.293621625052765
0.2939316249685362
0.2933976250933483
0.29647754167672247
0.29619933338835835
0.2991165416315198
0.29650487494654953
0.2977286250097677
0.2944663750240579
0.29360562504734844
0.29858266666997224
0.30298316664993763
0.29706191667355597
0.29836454172618687
0.2958621249999851
0.2935915417037904
0.29191387502942234
0.2939344166079536
0.2923518749885261
0.29930062498897314
0.2949267915682867
0.29467066668439656
0.29603758337907493
0.30288054165430367
0.29443224996794015
0.29313508339691907
0.2940510417101905
0.29512312496080995
0.2938720833044499
0.29359883337747306
0.2984709166921675
0.29532962501980364
0.29451470833737403
0.2937041249824688
0.2957169583532959
0.29848641669377685
0.29420825000852346
0.29337958327960223
0.29666862508747727
0.2935035000555217
0.2955325416987762
0.2950719583313912
0.2945989166619256
0.2949487082660198
0.29980458330828696
0.2937534999800846
0.2943135416135192
0.29520283336751163
0.2927307083737105
0.29810000001452863
0.2953655832679942
0.294366916641593
0.2940175832482055
0.29365837504155934
0.29426987492479384
0.2937165000475943
0.2975661667296663
0.2949488749727607
0.29382324998732656
0.2919931666692719
0.2935980416368693
0.29880849993787706
0.29716695833485574
0.2949222082970664
0.2930732083041221
0.2927309999940917
0.29429241665638983
0.29579241666942835
0.2955384582746774
0.29387591674458236
0.2951894999714568
0.2933812499977648
0.2952506666770205
0.29237974993884563
0.29311624995898455
0.295797708327882

(async, average, (100x100) matrix) Done in an average of 0.29517373291542753 seconds.

Benchmark done
