Pressed 'Run benchmark'
About to run 'GCD'-version of MatrixMultiplication with batch mode: true
Running BenchApp.MatrixMultiplication:runGCD with (25x25) matrix and 110 iteration(s).

0.010173208313062787
0.0074283749563619494
0.007606083294376731
0.0074379583820700645
0.00581133330706507
0.005696208332665265
0.004433666588738561
0.0048795416951179504
0.004104916704818606
0.003517458331771195
0.003643500036559999
0.0033623749623075128
0.003168499912135303
0.0031878333538770676
0.0028306666063144803
0.00277254160027951
0.002635791664943099
0.002712374902330339
0.002614708384498954
0.0024828750174492598
0.002681416692212224
0.002415625029243529
0.0024145416682586074
0.0025187500286847353
0.0023891667369753122
0.0025208332808688283
0.002441125106997788
0.0026217083213850856
0.002515708329156041
0.0024357499787583947
0.0022802083985880017
0.0022649166639894247
0.0024357083020731807
0.002490208251401782
0.002463333308696747
0.002486624987795949
0.0024719584034755826
0.002426500082947314
0.0024828333407640457
0.0024643749929964542
0.0024795832578092813
0.0025860416935756803
0.0023804166121408343
0.0024060417199507356
0.002424916601739824
0.0024009583285078406
0.0023833750747144222
0.002551916637457907
0.002421583398245275
0.002569125033915043
0.002496875007636845
0.0025123750092461705
0.002549625001847744
0.002558416686952114
0.0024985834024846554
0.0024212916614487767
0.002534416737034917
0.0024449999909847975
0.0024152499390766025
0.0024486666079610586
0.002584375091828406
0.0026935416972264647
0.00251504173502326
0.002451916690915823
0.002488916623406112
0.002399208373390138
0.0025427499786019325
0.0025245833676308393
0.0026410833233967423
0.002566208364441991
0.0024539167061448097
0.0025390000082552433
0.00253391673322767
0.002550999983213842
0.0024615416768938303
0.0025215833447873592
0.00248887506313622
0.0023616666439920664
0.0024514999240636826
0.002370250062085688
0.0024531667586416006
0.0023444583639502525
0.0024667084217071533
0.0024673333391547203
0.002581625012680888
0.002359291655011475
0.0024231666466221213
0.002789124962873757
0.0023996250238269567
0.0025862499605864286
0.0024347499711439013
0.0024682916700839996
0.0024457500549033284
0.0024247500114142895
0.002491125022061169
0.0024552916875109076
0.002514749998226762
0.002476541674695909
0.002624250017106533
0.0025838332949206233
0.0024983749026432633
0.002535999985411763
0.0024741666857153177
0.0024307500571012497
0.0024000833509489894
0.0024574166163802147
0.0024392500054091215
0.002481666742824018
0.002611333387903869
0.0024645832600072026

(GCD, average, (25x25) matrix) Done in an average of 0.00252841500681825 seconds.

Running BenchApp.MatrixMultiplication:runGCD with (50x50) matrix and 110 iteration(s).

0.019472875050269067
0.017608541646040976
0.019083333434537053
0.01803229167126119
0.01920758339110762
0.01793866662774235
0.019492374965921044
0.018510916735976934
0.018926249933429062
0.018294416717253625
0.019621708313934505
0.01978175004478544
0.019537708372808993
0.019768958329223096
0.01947549998294562
0.020240791607648134
0.018417333369143307
0.020752624957822263
0.020465999958105385
0.020586333354003727
0.020399958244524896
0.02088983333669603
0.020789375063031912
0.021337916725315154
0.02119312505237758
0.02161229168996215
0.021402916638180614
0.021296999999321997
0.0215316666290164
0.022337416652590036
0.02205079165287316
0.022457208251580596
0.02285841666162014
0.02285329159349203
0.023336416692472994
0.022894416586495936
0.021988333319313824
0.02295437501743436
0.022799833328463137
0.023096458287909627
0.02251749997958541
0.02375266666058451
0.023152583395130932
0.023733624955639243
0.02343225001823157
0.023677666671574116
0.023125041741877794
0.02344562509097159
0.023476291680708528
0.023390708374790847
0.023663416621275246
0.022916791727766395
0.023347041686065495
0.023258333327248693
0.0239965416258201
0.023718124954029918
0.023744166595861316
0.024010875029489398
0.02379020827356726
0.02342120837420225
0.02336166671011597
0.024392708321101964
0.023177499999292195
0.023842791677452624
0.023881500004790723
0.023787499987520278
0.023717333329841495
0.024380499962717295
0.024089124985039234
0.024061374948360026
0.0242650416912511
0.024128916673362255
0.022363458294421434
0.023700083256699145
0.024259124998934567
0.023706208332441747
0.024334416608326137
0.024058791692368686
0.02401337504852563
0.024259833269752562
0.02377604169305414
0.0241379999788478
0.02425004169344902
0.023510041763074696
0.025003249989822507
0.02428058336954564
0.02438075002282858
0.024318750016391277
0.02396479167509824
0.02361645840574056
0.024221708299592137
0.024416541680693626
0.02460416662506759
0.024822000064887106
0.024536541663110256
0.02421091659925878
0.024000541772693396
0.024327208288013935
0.024179416708648205
0.024771166616119444
0.024924291647039354
0.024245583335869014
0.02358729171101004
0.024667458375915885
0.024655333370901644
0.024033791618421674
0.024975000065751374
0.025035958387888968
0.024172958335839212
0.024668458267115057

(GCD, average, (50x50) matrix) Done in an average of 0.02316376708331518 seconds.

Running BenchApp.MatrixMultiplication:runGCD with (75x75) matrix and 110 iteration(s).

0.09445804171264172
0.06791037495713681
0.09175595839042217
0.06967541668564081
0.09317541669588536
0.07166999997571111
0.09392283332999796
0.07583975000306964
0.0928878333652392
0.07725962495896965
0.09461854165419936
0.07881374994758517
0.0945197083055973
0.0807330833049491
0.09415258339140564
0.08302437490783632
0.09413900005165488
0.0835192083613947
0.09575566661078483
0.08512895833700895
0.0950673749903217
0.0861018750583753
0.09662208333611488
0.08876579161733389
0.0964416250353679
0.0892045833170414
0.09783620841335505
0.09043620841111988
0.09900225000455976
0.0904585833195597
0.09905766660813242
0.09303150000050664
0.09681620832998306
0.09798808337654918
0.09556745830923319
0.09859770839102566
0.09787529171444476
0.09741166664753109
0.09643641661386937
0.09718645841348916
0.09817858331371099
0.09630787500645965
0.09964899998158216
0.09842362499330193
0.10017300001345575
0.09784595831297338
0.09959512494970113
0.09812233329284936
0.10069954162463546
0.09908120834734291
0.10003354167565703
0.10133483330719173
0.0971379583934322
0.09192387503571808
0.10356283327564597
0.10405208333395422
0.10498779162298888
0.10318112501408905
0.10504420835059136
0.10499291657470167
0.10392574989236891
0.10467637504916638
0.10545516666024923
0.10694754170253873
0.10605866659898311
0.10754562495276332
0.10606341669335961
0.10725304170046002
0.10696600005030632
0.1078863333677873
0.10726641665678471
0.10392966668587178
0.09767404163721949
0.10797399992588907
0.10758979176171124
0.10732183326035738
0.10919079172890633
0.10904091666452587
0.10946016665548086
0.10815329162869602
0.11066895828116685
0.11007983330637217
0.10937641665805131
0.11003320838790387
0.11143762490246445
0.10802829172462225
0.11085845832712948
0.10988829168491066
0.10786191665101796
0.11014279164373875
0.11157041660044342
0.10961024998687208
0.11113629175815731
0.11171670840121806
0.11094916670117527
0.11118608328979462
0.11103499995078892
0.10915891674812883
0.11084620840847492
0.11037937505170703
0.10949337505735457
0.11101329163648188
0.11027170834131539
0.11132658331189305
0.11083316674921662
0.1113312499364838
0.10629675001837313
0.11149174999445677
0.11098383332137018
0.11085241672117263

(GCD, average, (75x75) matrix) Done in an average of 0.10228874500025995 seconds.

Running BenchApp.MatrixMultiplication:runGCD with (100x100) matrix and 110 iteration(s).

0.2955925832502544
0.20489504165016115
0.2963903750060126
0.18882704165298492
0.28522845823317766
0.2410040833055973
0.2891117916442454
0.23935054161120206
0.2955213750246912
0.23752712493296713
0.29945345828309655
0.24144079175312072
0.29948662500828505
0.24907420831732452
0.3034811250399798
0.2500075832940638
0.2990316249197349
0.25594108342193067
0.30309012497309595
0.25681420834735036
0.30325895827263594
0.267570958356373
0.30622533336281776
0.2682244583265856
0.306010291678831
0.27222024998627603
0.3066941666183993
0.2745624167146161
0.30417625000700355
0.28732912498526275
0.31108925002627075
0.2885579583235085
0.3143009167397395
0.29401158331893384
0.30877712497022003
0.29528308333829045
0.312544250045903
0.29881462501361966
0.3124985416652635
0.30056808330118656
0.317731500021182
0.30131949996575713
0.30979316669981927
0.3035828750580549
0.3183289166772738
0.2807399582816288
0.3189992499537766
0.3113538750912994
0.31323533330578357
0.31305954174604267
0.31844316667411476
0.3170092082582414
0.3229606667300686
0.31867566669825464
0.31911287503317
0.31575695844367146
0.3192273749737069
0.31881712505128235
0.32306570827495307
0.3179445415735245
0.32155058335047215
0.3195691250730306
0.3216199583839625
0.3143282498931512
0.32176983333192766
0.32091479166410863
0.3203237500274554
0.3203365000663325
0.3222127916524187
0.3174770000623539
0.32413054164499044
0.32297858328092843
0.3223177084000781
0.3215265416074544
0.3208063750062138
0.3242440416943282
0.3175016667228192
0.3227660832926631
0.32009212498087436
0.3288396665593609
0.32365579169709235
0.3261438749032095
0.3248732916545123
0.32502700004260987
0.32407433330081403
0.32790158328134567
0.3251966666430235
0.3254964166553691
0.32331804174464196
0.324794958345592
0.323514208314009
0.3270155834034085
0.3271535416133702
0.3257057083537802
0.3242205416318029
0.3284688333515078
0.32425241672899574
0.3254591249860823
0.3293249167036265
0.3256782083772123
0.32742562505882233
0.32508041663095355
0.3214698333758861
0.32828920835163444
0.3243941250257194
0.3234212916577235
0.3278033334063366
0.3268723749788478
0.32644166669342667
0.3221080417279154

(GCD, average, (100x100) matrix) Done in an average of 0.3115958254225552 seconds.

Benchmark done
