Pressed 'Run benchmark'
About to run 'GCD'-version of MatrixMultiplication with batch mode: true
Running BenchApp.MatrixMultiplication:runGCD with (25x25) matrix and 110 iteration(s).

0.009653541725128889
0.006952541647478938
0.008032458368688822
0.006835791748017073
0.006117000011727214
0.004976083408109844
0.004511041683144867
0.004462041659280658
0.004286541719920933
0.003960458328947425
0.003773833392187953
0.0032660416327416897
0.003247416578233242
0.003211958333849907
0.002894958364777267
0.0030299582285806537
0.0026043333346024156
0.002688708365894854
0.0026863333769142628
0.002413374953903258
0.002502458286471665
0.002716083312407136
0.0024900833377614617
0.0025274999206885695
0.002638708334416151
0.002527249976992607
0.002454958390444517
0.0024860833073034883
0.0024913749657571316
0.0026217083213850856
0.0025912916753441095
0.0023995416704565287
0.0026230000657960773
0.0025000832974910736
0.0024529999354854226
0.0024883750593289733
0.0023456249618902802
0.002502541639842093
0.0024928333004936576
0.002563458401709795
0.0024638749891892076
0.0024595833383500576
0.002573583391495049
0.0026672916719689965
0.0024587083607912064
0.0024737082421779633
0.002699500066228211
0.002545458381064236
0.0026391249848529696
0.0025927500100806355
0.002506916644051671
0.002543124952353537
0.0026019166689366102
0.0025088333059102297
0.002459333394654095
0.0025164582766592503
0.0024405416334047914
0.002488749916665256
0.0025391667149960995
0.002538125030696392
0.002569833304733038
0.0025932500138878822
0.00252641667611897
0.0026443334063515067
0.0025101249339058995
0.002511166618205607
0.002609791699796915
0.0024594999849796295
0.0025622500106692314
0.002494708402082324
0.0025222499389201403
0.002499708323739469
0.0024935833644121885
0.0025528749683871865
0.00255558337084949
0.0026051249587908387
0.0025794582907110453
0.0025248333113268018
0.0025723333237692714
0.0024821250699460506
0.0025702499551698565
0.002487500081770122
0.0024920833529904485
0.00255129172001034
0.0024760416708886623
0.002495374996215105
0.0024767499417066574
0.002563416608609259
0.002507583238184452
0.0025027916999533772
0.0024741666857153177
0.002530208323150873
0.0026287917280569673
0.0026384167140349746
0.0024451249046251178
0.002493250067345798
0.0023987917229533195
0.0025314167141914368
0.0024883333826437593
0.0025138332275673747
0.002569249947555363
0.002516541746445
0.0025064999936148524
0.0025830416707322
0.0025109999114647508
0.0025839583249762654
0.002734916633926332
0.002533666673116386
0.0024897500406950712
0.0025392082752659917

(GCD, average, (25x25) matrix) Done in an average of 0.002576521246228367 seconds.

Running BenchApp.MatrixMultiplication:runGCD with (50x50) matrix and 110 iteration(s).

0.019016041653230786
0.017540666623972356
0.0198508333414793
0.017790750018320978
0.019211208331398666
0.017653583432547748
0.019038125057704747
0.01902624999638647
0.019028583308681846
0.019062208360992372
0.019419458345510066
0.01947162498254329
0.019883708329871297
0.01917737501207739
0.020155958249233663
0.01986925001256168
0.020592208369635046
0.020904916571453214
0.0206958333728835
0.020948541699908674
0.020566041697748005
0.020905749988742173
0.02074475004337728
0.021101500024087727
0.021695458330214024
0.021784791606478393
0.022220166749320924
0.02225124998949468
0.02161124988924712
0.022467041620984674
0.022569041582755744
0.02214283333159983
0.022067708428949118
0.022791250026784837
0.02250870829448104
0.022905208286829293
0.02305175003129989
0.022935166722163558
0.023109041736461222
0.023004208342172205
0.023792166612111032
0.023614208330400288
0.023964083404280245
0.023276666761375964
0.02387887507211417
0.0237957916688174
0.023636916652321815
0.023941125022247434
0.023696958320215344
0.024100458365865052
0.023680708254687488
0.023860583431087434
0.023954333388246596
0.023726208368316293
0.02456499997060746
0.024232833413407207
0.024142874986864626
0.023723041638731956
0.024550916627049446
0.024269416695460677
0.02430108329281211
0.023330375086516142
0.02457004168536514
0.023755416739732027
0.024273583316244185
0.02443245833273977
0.024361833347938955
0.02495041664224118
0.024579416727647185
0.02389433328062296
0.02429037494584918
0.025038333260454237
0.024374041706323624
0.02409133326727897
0.024103375035338104
0.024191958364099264
0.024293874972499907
0.024619291652925313
0.024245499982498586
0.0237327084178105
0.02418658323585987
0.024213708355091512
0.023902458255179226
0.02423899993300438
0.023955625016242266
0.02442945830989629
0.023239249945618212
0.02439512498676777
0.0238379166694358
0.024911666754633188
0.02446516661439091
0.024087458266876638
0.024452333338558674
0.024964749929495156
0.024757916573435068
0.02411758340895176
0.024386000004597008
0.024541791644878685
0.024303791695274413
0.02428649994544685
0.024345749989151955
0.02445541659835726
0.023936291690915823
0.024699291680008173
0.024294416652992368
0.024080833420157433
0.024615374975837767
0.024527000030502677
0.024624375044368207
0.024303833371959627

(GCD, average, (50x50) matrix) Done in an average of 0.023369413750478997 seconds.

Running BenchApp.MatrixMultiplication:runGCD with (75x75) matrix and 110 iteration(s).

0.09264525002799928
0.06866245833225548
0.09385487507097423
0.07142491661943495
0.09401354170404375
0.07263508334290236
0.09495945833623409
0.0760520416079089
0.09382633329369128
0.07616699999198318
0.09519008325878531
0.08052229171153158
0.09600783325731754
0.08014104166068137
0.09670166671276093
0.08265333331655711
0.09652620833367109
0.08441395836416632
0.09496858331840485
0.08602325001265854
0.09688199998345226
0.08651345828548074
0.09057866665534675
0.0882633333094418
0.09926470834761858
0.09170441667083651
0.1020988334203139
0.09256208338774741
0.10106458340305835
0.09240854170639068
0.10109683335758746
0.09295962506439537
0.10203849989920855
0.09434549999423325
0.10235575004480779
0.09590770839713514
0.10399945825338364
0.09695145837031305
0.10385912505444139
0.09728225006256253
0.10430124995764345
0.09121320839039981
0.10118066670838743
0.09737670829053968
0.10284000006504357
0.1001502083381638
0.10269883333239704
0.09922324994113296
0.10227454174309969
0.09951633331365883
0.10271879169158638
0.10252866672817618
0.10269033338408917
0.10260691668372601
0.10008624999318272
0.10371500009205192
0.10122358333319426
0.10210487502627075
0.10162404167931527
0.10261933330912143
0.10155612498056144
0.10208908340428025
0.10109466675203294
0.1035573750268668
0.10097437503281981
0.10323891672305763
0.1025589166674763
0.1034652916714549
0.10213191667571664
0.10293041658587754
0.10046220826916397
0.10384716663975269
0.09989824995864183
0.10279366676695645
0.10198695829603821
0.10373462503775954
0.10206737497355789
0.10169349994976074
0.10268862498924136
0.10377058328595012
0.10557095822878182
0.10545983328483999
0.1077575832605362
0.10660708334762603
0.10670833336189389
0.10626108339056373
0.1077034167246893
0.10625408333726227
0.10783970833290368
0.10516108328010887
0.10815545835066587
0.10716900008264929
0.10567383328452706
0.10693033342249691
0.10773154173512012
0.10662883333861828
0.10781549999956042
0.10717533330898732
0.1072663749800995
0.10735116666182876
0.10725349991116673
0.10827099997550249
0.10784137493465096
0.10793000005651265
0.10794704174622893
0.10821750003378838
0.10733549995347857
0.1093680834164843
0.10883224999997765
0.1076640416868031

(GCD, average, (75x75) matrix) Done in an average of 0.1011239875073079 seconds.

Running BenchApp.MatrixMultiplication:runGCD with (100x100) matrix and 110 iteration(s).

0.28809012507554144
0.204981500050053
0.290319541702047
0.21065875003114343
0.28734408342279494
0.21994916663970798
0.291825708351098
0.2293822499923408
0.2929029583465308
0.23184941662475467
0.295361083233729
0.24032133328728378
0.29774654167704284
0.24957200000062585
0.30097729165572673
0.2533966666087508
0.3000865416834131
0.26123587507754564
0.30381491663865745
0.2653856666292995
0.3046584583353251
0.26852916670031846
0.30620104155968875
0.2765237083658576
0.30940675002057105
0.2793224167544395
0.30354566662572324
0.2848037083167583
0.3126355833373964
0.2881777082802728
0.3134336667135358
0.29337754170410335
0.31386524997651577
0.29297787498217076
0.3171429999638349
0.2990640833741054
0.3141399583546445
0.30069991666823626
0.3195116249844432
0.3028308750363067
0.31767854175996035
0.3078325833193958
0.3213578333379701
0.30709324998315424
0.3213802499230951
0.3126462916843593
0.3195846249582246
0.3097159583121538
0.32291049999184906
0.3106650833506137
0.31874937505926937
0.3100762916728854
0.3205334166996181
0.3173930833581835
0.32492695830296725
0.31578408333007246
0.3238892083754763
0.3216325832763687
0.31716995837632567
0.32406958332285285
0.32121487508993596
0.3260160833597183
0.3223549999529496
0.32233566674403846
0.32457616669125855
0.3245311666978523
0.32342183333821595
0.3183960416354239
0.3261475000763312
0.3264746667118743
0.3240023333346471
0.3277642916655168
0.3284150833496824
0.3290516249835491
0.32758224999997765
0.32493858342058957
0.32746095838956535
0.324451333261095
0.3260086667723954
0.32603433332405984
0.3226085416972637
0.32457349996548146
0.3208495832514018
0.3242847917135805
0.32637720834463835
0.32548829168081284
0.3257702082628384
0.319363291724585
0.32297212502453476
0.32481737493071705
0.3242273333016783
0.32747683324851096
0.32907716662157327
0.3296849583275616
0.32220424991101027
0.3268583749886602
0.3258712083334103
0.3288788333302364
0.32692729169502854
0.3300740000559017
0.3263900832971558
0.33062729169614613
0.32685666671022773
0.325542000005953
0.32614154170732945
0.3251630832673982
0.32505879167001694
0.32783958327490836
0.3195577916922048
0.3247903749579564

(GCD, average, (100x100) matrix) Done in an average of 0.3138136620842852 seconds.

Benchmark done
